4396.83,8800.87,13204.1,17598.1,21972.2,26315.4,30615.9,34861.9,39040.3,43138.8,47159.9,51165,55218.6,59397.3,63794,67454.2,70834.6,74087.1,77226.9,80247.1,83138.8,85895.9,88516.2,90995.3,93318.2,95465.5,97414.8,99141.9,100611,101770,102536,102767,102232,100753,100939,108093,114772,120073,124484,
5169.69,10382.9,15631.7,20906.5,26194.6,31481.4,36751.2,41987.6,47171.6,52283.7,57323.5,62361.7,67474.5,72741.7,78275.9,82919.2,87223.5,91370.7,95376.3,99228.5,102915,106428,109716,112783,115653,118323,120774,122986,124925,126542,127768,128484,128525,127931,129713,138030,145243,150885,155549,
6616.72,13386.4,20304.9,27363.5,34546.4,41832.5,49197.1,56614.5,64053.5,71478.2,78882.8,86355.3,93992.7,101855,110083,117170,123831,130292,136555,142588,148356,153833,158772,163188,167266,171066,174594,177838,180769,183359,185570,187357,188725,190323,196127,207122,215341,221476,226405,
9687.03,19702.6,29917.5,40136,50129.3,59683,68645.9,76963.6,84669.1,91836.3,98612.4,105222,111840,118452,125169,131364,137662,144350,151561,159387,167871,176987,185938,194483,202809,210814,218331,225250,231538,237253,242544,247703,253390,262077,278857,292773,299540,303608,306360,
8431.33,15265.1,20743.4,25130,28645.3,31463.5,33720.8,35524.8,36967.7,38120.2,39057,39836.8,40503.8,41032.9,41460.9,41963.7,42555.4,43282.7,44205.4,45387.7,46904,48839,51108.2,53842.3,57316.9,61723.4,67210.3,73895,81869.1,91192,101912,114179,128591,147340,171051,179891,181701,182492,182951,
1554.33,2549.71,3100.77,3306.88,3275.78,3134.36,3021.58,3049.42,3263.55,3645.66,4152.32,4744.69,5394.91,6087.66,6821.04,7479.69,8089.62,8649.63,9145.59,9561.26,9881.25,10090.7,10182.7,10139.9,9935.38,9542.18,8930.38,8067.4,6913.08,5430.81,3671.81,2826.86,10553.9,27999.9,50074.4,57274.6,60380.3,64332.6,69453,
425.492,1000.87,1712.72,2541.43,3467.36,4471.67,5536.65,6645.93,7783.47,8934.7,10087.9,11244.7,12411.2,13605,14844.1,15908,16883.5,17794,18633.8,19393.1,20062.1,20630.8,21120,21513.8,21770.1,21858.5,21751.4,21417.6,20813.7,19871.1,18473.2,16401.8,13196.9,7981.48,8222.78,18758.6,24047.7,27402,29982.9,
898.84,1904.93,3001.83,4174.51,5409.23,6692.62,8011.65,9353.98,10706.9,12059,13401.9,14743.6,16095.8,17484.4,18932.3,20162.1,21290.3,22351.4,23342.4,24255.1,25081.3,25812.3,26477.7,27063,27521,27820.6,27935.6,27837.1,27484.7,26813.6,25711.2,23965.2,21126.7,16258.8,12006.4,18824.8,24261.8,27859.5,30487.6,
1168.51,2414.59,3726.31,5092.96,6503.71,7947.94,9415.1,10894.7,12375.5,13847.6,15304.4,16757.6,18222,19727.7,21301,22631.2,23851.8,25003.7,26085.8,27090.4,28009.6,28836,29602.9,30296.2,30866.8,31283,31518.6,31546.4,31326.5,30795.6,29843.5,28260.2,25608.7,20978.4,16323.1,21879.6,27215.8,30951.8,33760.2,
5171.01,10382.7,15624.8,20885.7,26151.8,31407.5,36635.7,41818.6,46937.1,51973.8,56926.9,61867.3,66869.9,72037.9,77483.3,82042.8,86263.8,90327.2,94249.3,98021.9,101635,105078,108401,111594,114599,117376,119899,122142,124075,125643,126756,127253,126837,125050,123761,129565,135905,141218,145765,
5915.24,11900.9,17945.4,24035.7,30154.2,36281.3,42395.5,48474.5,54493.3,60428.1,66276.3,72118.2,78041.9,84154.5,90588.2,95985.8,100989,105809,110465,114946,119238,123332,127230,130926,134402,137636,140603,143281,145636,147620,149153,150092,150203,149257,149613,156797,163809,169542,174397,
7293.55,14747.2,22349,30082.1,37921.4,45836.7,53794.3,61760.3,69697.8,77568.8,85369.5,93203.6,101185,109406,118028,125370,132239,138900,145367,151615,157615,163342,168606,173413,177895,182087,185984,189568,192809,195667,198091,200003,201329,202448,206863,217097,225371,231770,237025,
10118.1,20475.7,30910.1,41192.9,51068.8,60308,68755.9,76363.6,83176.9,89286.2,94854.9,100134,105322,110456,115680,120176,124667,129489,134805,140742,147388,154776,162310,169808,177388,184906,192154,198969,205266,211038,216365,221442,226769,234429,249559,263994,272007,277298,281207,
7809.91,13780.8,18196.2,21348.1,23488.3,24818,25500.5,25674,25464.9,24979.5,24322.6,23597,22879.4,22202.4,21624.6,21016.5,20490.8,20085.2,19798.2,19615.6,19522.4,19511.2,19545.9,19680.2,20035.7,20759.2,22060,24219.8,27584.3,32505.5,39267.8,48114,59541,75516.8,98854.7,113512,120977,126633,131441,
796.131,1364.77,2026.55,2928.92,4086.14,5465.81,7027.82,8733.39,10545.8,12432.3,14365.7,16338.4,18351.7,20429.4,22597.7,24528.2,26337.3,28051.3,29656.4,31132.4,32461.1,33626.1,34673.9,35580.3,36268.5,36689.6,36805,36578.4,35959.6,34872.8,33191.4,30679.2,26853.3,20702.4,14586.6,20952.9,27607.3,33141.3,38566.1,
1237.53,2695,4343.92,6159.53,8117.7,10195.5,12370.8,14621.4,16923.7,19256.3,21601.9,23967.9,26369.2,28849.3,31445.3,33715.1,35834.7,37853.3,39764.1,41551.9,43202.7,44704.9,46133,47465.6,48612.5,49523.8,50167,50516.1,50533.6,50158.7,49281.2,47682.5,44884.2,39695.6,31919,32643.2,36268.5,39264.6,41573.5,
1745.21,3645.4,5683.14,7842.18,10106.7,12460.1,14884.6,17362.3,19873.2,22399.2,24925.4,27466.9,30044.2,32708.7,35502.8,37926.7,40186.9,42344.2,44394.1,46323.9,48121.2,49774.7,51368.5,52882,54221,55334.2,56191.9,56768.7,57032,56923.4,56335.9,55057.2,52616.8,47845.9,40521.2,41159.7,44763.3,47914,50468.1,
2016.84,4158.22,6411.29,8764.48,11204.7,13718,16289.4,18902.6,21539.1,24182.3,26819.7,29469.3,32154.7,34932,37846.6,40366.2,42714.2,44957.7,47094.5,49111.7,50997.6,52742.6,54434,56052.2,57500.3,58727.5,59703.3,60404.8,60798.5,60828.4,60389.8,59271.5,57013.2,52473.3,45458.3,46202.8,49911.8,53226.8,55988.1,
6623.01,13388.9,20281.7,27282.7,34364.7,41495.1,48638.1,55754.3,62804.4,69758.4,76607,83434.2,90333.1,97473.6,105000,111421,117430,123252,128910,134384,139652,144696,149729,154716,159436,163781,167698,171167,174161,176642,178520,179607,179498,177127,172514,174564,179329,183969,188236,
7296.36,14744.6,22324,30008.1,37762.9,45547.8,53318.7,61029.9,68638,76109.6,83437.5,90723.7,98078.7,105679,113690,120446,126740,132837,138767,144518,150074,155413,160700,165903,170847,175439,179628,183388,186689,189486,191687,193117,193414,191744,188891,192883,198698,204013,208777,
8520.88,17232,26099.6,35078.7,44113.4,53138.9,62088.3,70896.6,79509.1,87885.2,96030.9,104087,112207,120563,129355,136661,143450,150063,156552,162915,169135,175189,181048,186691,192084,197183,201948,206338,210312,213817,216768,219029,220367,220558,221901,229867,237676,244194,249790,
10835.7,21730,32441.4,42662.8,52076,60416,67526.1,73381.5,78074.7,81756.1,84645,87052.7,89223.8,91291.8,93433.4,94644.7,95749.9,97124.8,98956,101403,104608,108691,113457,118855,124886,131358,138013,144606,150952,156925,162459,167552,172371,178108,189419,203775,213615,220935,226858,
6671.14,11136.2,13810.4,15143.2,15581,15559.3,15490.8,15719.1,16471.2,17830.2,19772.5,22234.5,25136,28434,32110.2,35670.4,39221.4,42738.3,46142.2,49345.1,52265.7,54830.3,57117.4,59045.2,60408.7,61071.4,60933.5,59930.4,58012.1,55167.2,51442.6,46942.1,41761.3,35916.8,33294.1,43261.4,54321.2,64174.7,73083.2,
1644.91,3800.15,6451.4,9557.87,13074,16952.1,21144,25599.4,30265.5,35093.8,40037.6,45091.3,50261.6,55632.5,61255.9,66427.8,71395.6,76208.4,80830.7,85217.1,89324.7,93117.4,96843.7,100449,103663,106357,108476,109999,110912,111173,110690,109249,106305,100082,87222.6,78506.4,75860.4,74521.9,73453.8,
2867.77,6113.31,9709.89,13635,17861.9,22360.6,27097.5,32033.4,37123.7,42328.6,47611.8,52980.9,58456,64141.8,70101.5,75520.4,80706.6,85734.2,90578.2,95196.9,99552.9,103616,107662,111639,115267,118417,121041,123132,124685,125679,126042,125584,123805,118985,108005,101262,100321,100642,101113,
3389.27,7083.04,11068.1,15330.4,19852.2,24609.6,29572.6,34706,39969,45325.8,50741.8,56234,61829,67639.8,73735.7,79243.9,84505.6,89608,94528.8,99230.9,103679,107842,112003,116114,119890,123203,126008,128296,130067,131301,131925,131755,130291,125841,115521,109774,109632,110720,112013,
3659.89,7592.25,11788,16238.3,20927,25832.5,30927.7,36178.8,41546.1,46995.2,52495.2,58065.6,63736.6,69625.9,75806.6,81375,86689.3,91843.6,96819.3,101578,106086,110315,114550,118741,122606,126014,128919,131317,133202,134557,135312,135279,133965,129703,119743,114456,114689,116119,117759,
9702.52,19689.1,29770.3,39700.4,49215.1,58106.9,66271,73701.6,80478.6,86730.7,92589.4,98238.6,103823,109608,115678,121110,126440,131902,137603,143619,150001,156767,164459,172995,181803,190512,198822,206478,213265,219030,223662,227001,228606,226367,215463,206197,204129,204592,206030,
10131.5,20461,30769.5,40783.3,50219.8,58866.7,66625.4,73505.4,79603.4,85062.8,90033.1,94726.4,99313.6,104063,109082,113283,117301,121413,125744,130389,135423,140893,147264,154497,162162,169970,177667,185004,191738,197660,202585,206277,208238,206577,197941,193023,194109,196816,199978,
10845.2,21716,32326.7,42340.6,51435.4,59389.9,66126.4,71698,76255.2,79991.3,83114.3,85905.2,88591.9,91429,94553.1,96704.8,98648.2,100701,102985,105588,108586,112047,116204,121089,126561,132518,138832,145313,151719,157780,163212,167681,170681,171003,168321,171953,178490,184879,190797,
11692.9,22651.7,32287.7,40014.9,45432.7,48452.2,49290.3,48360.6,46141.3,43054.5,39450.5,35635.4,31797.7,28055.2,24491.6,20917,17862.5,15784.7,15223,16626.9,19776.3,23644.6,26915.8,28718.8,28977.9,28354.7,27976.3,28823.4,31235.5,34960.4,39498.7,44348,49149,54224.9,63564.6,77327.8,87754.9,96147.8,103400,
4289.15,6574.94,8467.12,11457.6,16189,22559.2,30234.9,38908.4,48363.8,58473.9,69143.8,80279.5,91773.5,103649,115757,128622,141983,155689,169667,183829,198044,212130,226576,241050,254570,266433,276095,283178,287445,288799,287283,283056,276354,265998,242468,200201,163675,134079,110416,
5441.36,12047.3,19670,28121.1,37168.6,46590,56218.9,65957.9,75784.5,85737.8,95851.6,106151,116630,127445,138516,150022,161885,174058,186521,199238,212129,225066,238725,252846,266448,278913,289833,298991,306342,312007,316238,319321,321354,320351,306655,280251,260778,245701,232207,
6836.8,14534.2,22985.5,32024.5,41439,51024.5,60636.9,70203.9,79727.7,89271.2,98891.8,108642,118542,128779,139298,150099,161200,172595,184285,196246,208415,220680,233734,247336,260526,272703,283477,292631,300116,306032,310602,314074,316477,315697,302476,279428,264558,254853,247830,
7324.92,15410,24153.1,33392.3,42915.5,52523.2,62078.8,71519.3,80858.5,90168.6,99514.2,108964,118550,128471,138686,149106,159797,170775,182050,193606,205388,217292,230015,243325,256278,268286,278955,288070,295559,301509,306118,309598,311936,310967,297713,275636,261973,253458,247650,
7561.35,15833.5,24715.8,34044.1,43608.6,53212,62722,72080.7,81305.9,90474.5,99657.9,108930,118329,128060,138091,148280,158720,169441,180458,191756,203287,214951,227443,240539,253302,265150,275699,284726,292163,298081,302661,306096,308336,307172,293739,272242,259248,251301,245988,
8463.42,15271.6,20660.8,24920.8,28307.4,31017.6,33197.7,34960,36395.8,37587.1,38591,39454.9,40220.4,40982.8,41749.1,42526.4,43328.1,44197.4,45187.8,46359.3,47774.8,49502.2,51811.1,54778.7,58358.7,62629.8,67754.5,73942,81441.5,90499.9,101283,113719,127129,138609,136545,118568,108722,105034,104414,
7841.82,13799.6,18154.1,21236.2,23330.6,24665.4,25421.2,25746.8,25771,25610.5,25361.2,25115.7,24946.7,24938.9,25113.8,25220.7,25367.1,25589.2,25884.5,26244.1,26660.4,27130.5,27724,28444.2,29269.1,30245,31487.7,33187.5,35635,39230,44429.5,51545.2,60229.9,67874,65811.8,60971.6,64906.6,71413.8,78220.7,
6701.6,11165.9,13828.3,15189.1,15746.4,15969.9,16280.8,17010.9,18351,20347.2,22950,26087.1,29684.1,33664.9,37993.3,42075.3,46056,49932,53629.8,57070.4,60182.7,62907,65062.2,66617.4,67648.6,68163.4,68128.6,67498.3,66214.8,64233.2,61560.7,58328.2,54917.8,52245.9,53832.7,62325.8,70830.2,79108.4,87139.1,
4303.51,6605.53,8579.93,11774.1,16858.8,23737.9,32073.6,41557.7,51961.6,63124.4,74962.9,87412.2,100387,113602,126886,141037,155846,171186,186959,203023,219152,235017,249347,261652,272201,281060,288267,293916,298076,300790,302034,301766,300275,299824,300942,283011,258038,234819,215095,
6930.84,17030.6,28647,40910.9,53430.3,66057.5,78757.3,91544.9,104460,117548,130818,144112,157249,170015,182144,196379,211470,227013,242990,259454,276471,294102,312437,331526,351412,372143,393743,416155,439213,462556,485567,507339,526770,542588,545765,515461,477001,437810,398997,
11229.4,22487.8,33522,44307.7,54905.2,65397.3,75863.2,86369.9,96976.8,107746,118683,129652,140504,151148,161350,173280,185902,198879,212199,225909,240064,254725,270287,286793,304059,322097,341008,360932,381999,404297,427791,452228,477035,500316,510939,491271,467747,445667,424502,
11206.3,21980.6,32261.1,42137.1,51737.1,61179.9,70562.9,79962.4,89442.7,99067.7,108847,118666,128397,137990,147237,157981,169336,181011,192999,205345,218103,231322,245457,260544,276349,292860,310177,328440,347802,368369,390140,412911,436134,457734,466227,445238,421752,401038,382932,
11051.2,21518.7,31395,40807.6,49904.1,58815.7,67647.7,76480.1,85378.1,94406.9,103579,112789,121923,130947,139668,149772,160444,171418,182693,194310,206320,218777,232146,246464,261483,277183,293657,311054,329518,349165,369999,391811,414034,434480,441383,419208,395089,373977,355616,
10933.2,21205.6,30835.4,39967.6,48759.9,57350.1,65846.7,74331.8,82871.8,91532.3,100327,109159,117920,126587,134975,144676,154918,165453,176279,187438,198981,210960,223848,237683,252207,267400,283354,300217,318136,337231,357508,378762,400418,420231,426336,403582,379151,357842,339337,
1587.25,2611.58,3191.44,3436.19,3463.99,3404.56,3386.36,3504.44,3792.74,4234.83,4793.36,5435.49,6137.84,6888.37,7682.18,8388.19,9038.04,9634.44,10165.3,10616.9,10975.8,11229.3,11363.4,11362.1,11207.7,10879.4,10351.2,9591.43,8555.87,7181.28,5369.53,2950.35,1539.1,19028.2,37139.4,36498.1,31148.1,24776,16551.9,
829.338,1417.93,2086.92,2993.64,4162.63,5565.45,7162.09,8914.05,10783.6,12734.8,14738.8,16788.1,18885.2,21032.5,23255,25216.9,27047.2,28778.4,30397.1,31884.2,33221.9,34393.6,35337.4,36045.5,36545.7,36836.8,36901.6,36715.2,36244.3,35448.7,34283.3,32723.1,30902.9,30083.1,36464.7,44531.9,46273.2,44947.5,41785.8,
1638.52,3787.63,6446.89,9588.54,13175.5,17168.2,21526,26206.8,31160.7,36330.4,41671.7,47179.7,52863.9,58692,64714.1,70214.5,75473.5,80549.2,85398.1,89963.3,94196.6,98062.4,101278,103866,106052,107924,109500,110780,111750,112404,112756,112884,113101,114956,123514,132689,135400,134627,131442,
5415.71,12032.8,19760.7,28466.7,37970.2,48071,58588.7,69405,80464.9,91749.9,103308,115203,127452,139818,152220,165220,178806,192957,207641,222779,238214,253690,267873,280342,291496,301435,310215,317974,324917,331347,337690,344600,353282,367201,388911,396860,395625,391228,383841,
11205.5,22503.9,33661.9,44632.3,55452.3,66183.5,76891.5,87640,98490.4,109487,120652,131864,142979,153729,163907,175894,188653,201849,215465,229545,244147,259326,274843,290776,307437,324994,343526,363040,383503,404830,426939,449894,474199,501490,526881,526830,520860,514321,506021,
8980.94,17714.8,26277,34735.4,43152.2,51580.5,60065.9,68647.8,77362.4,86242,95286.4,104374,113370,122120,130434,140275,150733,161508,172582,183986,195762,207952,220617,233808,247593,262070,277370,293643,311099,330016,350803,374107,400947,432510,461866,467594,471991,479289,487109,
7615.13,15030.6,22321.1,29549.1,36768.7,44024.9,51355.5,58792.4,66364.7,74100,81995.5,89943.6,97828,105531,112885,121560,130774,140269,150027,160074,170447,181182,192402,204148,216424,229297,242883,257328,272838,289692,308298,329302,353713,382540,408438,410738,412428,417916,425367,
6968.79,13748.2,20412.3,27021.9,33628.9,40275.6,46997.6,53823.9,60781.3,67895.7,75163.8,82487.1,89759.3,96880.1,103695,111721,120245,129031,138062,147365,156972,166919,177349,188299,199751,211761,224437,237923,252421,268205,285678,305474,328585,355930,380002,380401,380249,383871,389412,
6603.31,13017.1,19316,25560.4,31801.5,38080.8,44432.6,50885.1,57463.8,64193.7,71072,78005.9,84895.4,91650.1,98124.4,105742,113832,122173,130750,139588,148720,158178,168117,178572,189514,200994,213118,226027,239920,255072,271880,290974,313335,339838,362904,362271,361111,363703,368182,
429.075,1001.39,1708.93,2535.61,3462.96,4472.72,5547.38,6670.35,7824.87,8994.89,10168.9,11349,12541.2,13751.5,14998.3,16064.4,17040.9,17953.5,18797.3,19562.1,20237.8,20815.1,21260.7,21568.3,21748.2,21795.2,21695.3,21431.3,20981,20323.2,19450.2,18426.2,17687,19714.8,32145.1,41961.1,45034.3,46159.9,46434.8,
1228.36,2677.29,4322.88,6142.2,8113.33,10214,12421.4,14713.5,17066.4,19454.8,21860.9,24294.9,26772.7,29302,31921.9,34199.2,36323.3,38348.9,40268.2,42065.6,43725.8,45235.7,46512.5,47557.8,48427.2,49133.3,49669.7,50020.8,50166.8,50085.9,49761.9,49214.3,48639.7,49293.5,56735.4,66870.9,71789.6,74322.9,75639.7,
2852.17,6091.12,9701.66,13669.9,17977.2,22601.6,27516.8,32693.1,38091.1,43661.8,49371,55231.1,61265.3,67446.4,73838.2,79626.3,85153,90500.1,95630.5,100491,105038,109238,112787,115715,118274,120562,122607,124416,125981,127309,128430,129436,130657,133652,143528,154898,160659,163790,165515,
6812.89,14531.3,23107.4,32432.4,42342.1,52651,63196.3,73881.1,84674.3,95579.5,106669,118037,129732,141539,153408,165730,178592,192022,206008,220494,235345,250329,264131,276346,287370,297286,306117,313970,321017,327534,333919,340790,349307,362922,384897,395168,397045,396902,395860,
11181.5,22004.6,32428.2,42521.7,52382.9,62107.5,71779.7,81472.1,91249,101154,111217,121337,131392,141123,150353,161182,172716,184667,197024,209825,223120,236969,251057,265465,280551,296499,313381,331201,349905,369401,389598,410547,432768,458097,482420,482221,476045,469900,463791,
7608.68,15029.1,22339.1,29598.4,36857.3,44157.8,51535.4,59021.2,66644.3,74428.7,82374.2,90375.9,98318.2,106046,113398,122085,131327,140865,150681,160799,171255,182085,193268,204851,216952,229679,243151,257499,272905,289617,308014,328714,352729,381433,408511,412044,413709,418456,425075,
5998.84,11945.6,17881.8,23842.7,29858.2,35954.8,42156.3,48483.2,54955,61589.7,68383.2,75242.9,82068.8,88743,95124,102646,110648,118906,127407,136169,145219,154592,164325,174455,185034,196142,207879,220375,233801,248407,264572,282906,304414,330283,353654,353346,351776,353928,359006,
5270.26,10523.8,15792.7,21104.5,26484.1,31953.3,37531.6,43236,49082.9,55088.2,61247,67475.6,73683.6,79770.3,85607,92474.7,99780.5,107325,115094,123105,131385,139960,148894,158219,167963,178194,189007,200523,212916,226426,241425,258515,278674,303010,324601,322381,318821,318890,321742,
4867.04,9728.71,14613.3,19546.4,24550.1,29644.3,34846.9,40173.6,45639.1,51258.1,57025.6,62863.3,68686.5,74404.4,79896.2,86355.4,93228.5,100329,107644,115192,122996,131085,139528,148358,157593,167295,177555,188495,200284,213161,227500,243890,263311,286821,307348,304040,299452,298438,300130,
890.512,1889.35,2981.78,4154.08,5392.36,6683.19,8013.47,9370.49,10741,12111.7,13474.8,14839.4,16217.5,17618.2,19066.2,20292.2,21417.7,22479.3,23474.7,24394.8,25230.7,25974.3,26585.2,27060.3,27418.7,27659.6,27771.9,27740.1,27543.6,27162.1,26583.4,25843.9,25235.4,26495,36388.9,46923.9,51377.7,53735.4,55199.9,
1733.99,3626.83,5664.65,7833.65,10118.1,12501.5,14966.3,17494.4,20065.4,22656.4,25254.5,27875.7,30542.1,33264.5,36088.1,38528.5,40804.5,42981.8,45055.8,47011.1,48833.3,50511.6,51955.2,53168.6,54215.5,55113.5,55856.9,56433,56821.4,57002.1,56959.7,56706.9,56417.3,57237.9,64448.6,74920.8,80570,83930.5,86173.2,
3374.09,7064.12,11068.2,15382.1,19994.7,24890,30046.8,35439.3,41032.3,46779.8,52652.1,58669.2,64861.3,71204.9,77770,83689.9,89338.3,94808.4,100066,105061,109748,114098,117797,120880,123601,126065,128298,130307,132087,133641,134998,136244,137691,140850,150786,162565,168974,172857,175448,
7300.14,15404.7,24274.5,33801.8,43827,54168.4,64669.7,75242.5,85863.8,96545.4,107373,118452,129843,141344,152920,164873,177337,190364,203955,218058,232551,247216,260748,272756,283628,293435,302195,309990,316983,323428,329702,336400,344646,357858,379527,390203,392574,392873,392270,
11024.3,21538.3,31557.2,41186.4,50545,59740.9,68865,77993.5,87192.6,96506.5,105965,115484,124952,134118,142820,153007,163859,175113,186762,198845,211407,224506,237808,251392,265635,280722,296727,313652,331446,350012,369261,389245,410488,434900,458721,458414,451864,445154,438344,
6960.94,13747.3,20437,27088.6,33748.2,40454.3,47239.8,54133,61160.1,68342,75679.1,83076,90426.8,97582,104393,112438,121002,129846,138957,148357,158075,168150,178528,189258,200472,212285,224810,238175,252550,268175,285426,304909,327645,355078,381055,383537,383861,386990,391762,
5267.64,10521.6,15795.2,21115.4,26506.2,31988.5,37581.1,43300.7,49163.9,55185.1,61360.3,67606.6,73833.7,79928.8,85764.3,92635.3,99948.9,107506,115292,123324,131629,140233,149147,158407,168082,178254,189021,200502,212865,226346,241312,258369,278517,303021,325344,323960,320824,321064,323899,
4515.02,9058.7,13652.4,18314.8,23063.4,27913.6,32879.9,37975.3,43212.7,48604.1,54144.6,59759.6,65367.9,70873.6,76161.8,82379.1,88999,95844.1,102900,110184,117719,125529,133647,142103,150946,160244,170089,180596,191927,204317,218124,233946,252762,275753,296230,292876,287752,285892,286464,
4099.54,8241.51,12443,16719.8,21086.5,25556.7,30142.7,34856,39707.9,44709.3,49855.2,55076.4,60297.5,65432.7,70374.7,76180.6,82364.8,88763.1,95362.8,102180,109236,116554,124178,132135,140464,149227,158513,168435,179154,190902,204035,219143,237199,259344,278830,274448,268279,265313,264697,
1158.94,2397.3,3705.02,5072,6487.36,7940.19,9419.52,10914.5,12413.6,13904.8,15382.3,16858.9,18350.2,19867.5,21438.9,22763.4,23980.5,25133.1,26220.4,27234,28165.3,29006.9,29715,30287.8,30747.9,31096.4,31322.6,31411,31340.4,31088.6,30637.9,30007.4,29425.9,30364.4,39161.3,49798.9,54769.1,57587.6,59456.2,
2005.16,4139.13,6393.05,8756.96,11218.3,13763,16376,19041,21739.2,24449.3,27160.2,29891.9,32669.9,35507.2,38452.8,40990,43356.1,45622.8,47787.2,49834.3,51750.4,53525.1,55064.2,56373.6,57520.2,58523.2,59377.5,60070.2,60580.8,60888.3,60975.1,60848,60661.3,61498,68498.7,79039.5,84970.2,88634.5,91178.1,
3643.89,7571.15,11785.5,16284.8,21062.7,26105.3,31392.7,36901.2,42598.1,48439.1,54395.1,60492.9,66766.2,73194.5,79851.7,85836.5,91543,97072.3,102390,107450,112207,116630,120406,123568,126373,128924,131251,133356,135236,136893,138350,139692,141212,144399,154296,166177,172816,176954,179801,
7538.85,15836.1,24851.8,34479.4,44556.6,54902.2,65362,75851.1,86353,96884.8,107533,118416,129601,140895,152271,163978,176182,188946,202277,216136,230404,244873,258254,270156,280966,290742,299486,307270,314244,320652,326862,333451,341520,354449,375888,386804,389361,389760,389201,
10905.7,21224.3,30996.8,40345.9,49401.3,58276.8,67067.1,75850.3,84693.6,93641.9,102728,111872,120970,129781,138151,147934,158358,169175,180380,192009,204111,216740,229555,242634,256362,270927,286405,302795,320047,338069,356772,376211,396914,420829,444385,444051,437353,430395,423271,
6592.93,13011.8,19335.9,25622.6,31917.9,38258.9,44677,51199.3,57851,64651.9,71602.8,78614.8,85588.8,92380,98849.2,106483,114611,123013,131671,140610,149859,159450,169322,179519,190185,201434,213379,226142,239893,254870,271439,290211,312204,338907,364381,366409,366037,368359,372266,
4862.21,9723.07,14612.8,19555.8,24573.5,29684.5,34905.7,40252.1,45738.6,51378.4,57167.4,63028.9,68878.5,74607.8,80097.8,86559.2,93440.6,100557,107893,115468,123304,131429,139839,148568,157696,167306,177494,188377,200117,212950,227238,243587,262998,286774,308508,306556,302648,301961,303751,
4098.91,8241.64,12445.7,16726.8,21099.2,25575.9,30169.3,34890.5,39750.8,44760.7,49915,55144.9,60375,65513.6,70454.2,76262.5,82451.3,88856,95464.3,102292,109359,116692,124307,132235,140532,149270,158537,168448,179161,190906,204044,219165,237260,259542,279368,275398,269514,266729,266246,
3677.7,7413.86,11221.6,15113.3,19100.5,23194,27404.2,31740.5,36212.7,40830,45587.4,50421.6,55263.1,60030.2,64624.3,70019.2,75769.9,81725.8,87875.3,94233,100820,107657,114775,122200,129980,138179,146884,156204,166299,177394,189846,204242,221557,242975,261879,256944,250006,246102,244418,
4396.06,8799.46,13202.2,17595.4,21968.6,26310.7,30609.5,34852.9,39028.6,43124,47141.6,51131.3,55133.1,59196.4,63407.1,67890.2,72736.5,77996.7,82773.6,85942.1,88986.7,91901.4,94707.3,97410.6,99995.7,102440,104720,106811,108688,110317,111647,112601,113052,112801,111629,110940,117164,124453,130273,135067,139196,
5169.69,10383.2,15632.3,20907.6,26195.8,31482.3,36751,41985.6,47167.5,52276.9,57313.6,62333.9,67383.6,72509,77813.7,83459.1,89562.8,96192.1,102251,106346,110295,114084,117726,121165,124431,127526,130434,133134,135598,137794,139674,141175,142193,142585,142384,143322,151133,159153,165401,170501,174870,
6615.28,13383.1,20299,27353.9,34532.2,41811.9,49168.8,56575.6,64003,71414.4,78804.7,86243.9,93788.6,101453,109365,117761,126806,136593,145674,152185,158520,164650,170538,175860,180814,185508,189958,194140,198026,201584,204782,207589,209975,211958,214368,219693,231408,240875,247760,253182,257704,
9685.13,19698,29909,40123.1,50111.4,59660.4,68617.8,76933.5,84636.5,91803.2,98581.3,105181,111765,118314,124964,131936,139269,146873,153967,159969,166108,172532,179257,185632,192283,199545,207427,215754,224278,232755,240995,248939,256726,264889,276455,294729,312337,320370,324730,327495,329366,
8431.14,15261.4,20734.6,25110.3,28612.9,31416.4,33655.8,35439.2,36860.8,37991.6,38904.1,39660.9,40312.9,40840.9,41288.4,41716.6,42135.3,42527.8,42934.8,43466.5,44058,44769.8,45630,46522.4,47697.6,49345.7,51603.3,54592.7,58454.6,63364,69550,77334.9,87229.4,100140,118467,143411,157686,161834,165024,168152,171004,
1554.27,2549.12,3098.46,3300.73,3263.09,3113.2,2991.45,3012.87,3224.2,3606.56,4115.17,4709.55,5358.38,6041.82,6754.19,7501.18,8290.31,9130.54,9922.07,10514.1,11061.4,11546.4,11957.9,12293.9,12526,12624.7,12560.9,12304.8,11820.2,11059.3,9953.99,8400.48,6238.12,3377.98,5899.54,25005.5,36659.4,40248.1,42943.2,45863.6,49300.5,
425.472,1001.27,1713.75,2544.08,3472.19,4479.09,5547.44,6660.22,7801.65,8957.02,10114.5,11273.6,12434,13606.5,14805.5,16051.5,17364,18757.6,20036,20936.7,21781,22556.7,23265,23935,24519.1,24976.8,25278.9,25399.6,25309.1,24966.1,24307.3,23227.9,21536.1,18847.4,14335.5,9187.32,16377.5,22886.7,26919.4,29776.8,31995,
899.054,1906.15,3004.65,4180.2,5418.38,6705.87,8029.72,9377.37,10735.9,12093.7,13442.7,14787.5,16132.3,17494.4,18893.7,20356.2,21905.1,23556.3,25061.6,26098.9,27076,27982.7,28824.8,29642.7,30382.1,30999.4,31465.1,31754.8,31840.4,31683.3,31222.4,30355.5,28895.1,26465.8,22236.1,16524.2,20243.6,26244,30438.6,33518.5,35931.4,
1168.58,2415.31,3728.27,5097.02,6510.45,7957.99,9428.93,10912.6,12397.7,13874.1,15335.6,16789.8,18243.5,19717.5,21235,22825.3,24514.2,26318.3,27958.4,29076.6,30132.3,31116,32036.4,32938.7,33766.1,34473.3,35030.8,35414.6,35597.6,35541.9,35187.3,34432.8,33093.1,30799.5,26735,21111.1,24018.8,29777.3,34037.7,37259.7,39839.9,
5171.95,10385.3,15629.5,20893.5,26163,31422,36653.9,41840.6,46962.9,52003.1,56960.2,61889.3,66835.6,71869.1,77093,82649.9,88649.1,95154.2,101084,105076,108923,112614,116186,119712,123123,126357,129375,132151,134657,136860,138707,140114,140935,140912,139531,137611,142076,148849,154658,159613,163968,
5915.25,11901.3,17946.3,24037.4,30156.6,36284.2,42398.5,48477,54495.2,60429.1,66276.1,72099.6,77952.4,83902.3,90070.9,96636.7,103734,111441,118483,123240,127829,132237,136494,140611,144565,148323,151855,155134,158131,160813,163131,165008,166319,166860,166367,166081,172389,180060,186391,191713,196355,
7293.54,14747.4,22349.4,30082.5,37921.3,45835.2,53790.3,61752.9,69686,77552,85347,93153.3,101041,109052,117337,126147,135660,145975,155475,162105,168540,174762,180764,186306,191531,196511,201247,205712,209870,213687,217119,220120,222624,224577,226492,230477,241046,250500,257694,263508,268447,
10116,20470.9,30901.9,41181.2,51053.3,60289.9,68734.7,76343.6,83157.8,89270.3,94845.3,100116,105266,110322,115453,120897,126712,132821,138261,142221,146247,150501,155052,159447,164239,169737,175975,182822,190069,197483,204860,212083,219190,226546,236598,252769,270539,280154,286128,290427,293759,
7809.7,13779.5,18192,21338.8,23471.6,24791.2,25461.3,25620.8,25396.6,24896,24223.9,23481.9,22745.7,22045.7,21442.7,20996.8,20724.1,20618.4,20498.6,20174.5,19922.4,19734.6,19590.6,19439.4,19311.5,19213.6,19141.8,19103.8,19135.1,19322.2,19841.6,21024.2,23489.7,28436.5,38615.3,58471.9,77161.3,87104.6,95115.5,102611,109686,
795.939,1364.15,2025.73,2928.82,4087.75,5470.24,7036.08,8746.35,10564.3,12456.9,14397.3,16373.6,18378,20423.3,22529.2,24725.1,27042.9,29510.5,31838.6,33620.4,35332.4,36950.3,38475.8,39974.6,41355.9,42546.2,43498.1,44177.3,44549.2,44570.1,44173.9,43251.3,41600.3,38810.4,33857.3,26082.6,25654.9,30250.3,34095.1,37149.4,39779,
1237.6,2695.73,4345.96,6163.88,8125.14,10206.9,12387,14643,16951.2,19290.1,21642.5,24010.4,26396.8,28831.5,31345.4,33976.7,36764.5,39738.5,42509.1,44556.4,46525.5,48396.9,50184.6,51986.3,53692.3,55218.8,56518.5,57561.9,58321.1,58760.6,58822.2,58405.9,57319.7,55163.4,50852.7,43399.8,41307,44679.4,47994.2,50685,52842.1,
1745.59,3647.12,5686.91,7849.7,10118.8,12477.7,14908.9,17394.1,19913.1,22447.5,24983.3,27528.5,30090.2,32705.2,35409.5,38247.1,41260.5,44480.7,47466.5,49638.8,51729,53719.7,55629.6,57567.5,59417.9,61093.8,62548,63752.2,64680.6,65299.6,65553.3,65343.9,64482.6,62576.5,58546.7,51474.5,49553,52975.6,56451.7,59386.9,61849.2,
2016.51,4157.87,6411.27,8765.42,11207.4,13722.8,16297.1,18912.9,21552.4,24198.5,26839.1,29485.8,32148.4,34866.5,37679.8,40636.3,43780.2,47143.4,50253.3,52496.3,54654.8,56712.3,58690.4,60702.6,62631.3,64388.4,65926.4,67217.3,68236.6,68950.7,69305,69201.9,68453.8,66671.1,62783.1,55951.4,54294.9,57839.9,61448.6,64542.1,67184.3,
6621.65,13386.1,20277.4,27277,34358.1,41487.6,48630.4,55745.6,62795.5,69749.4,76598.5,83408.7,90234.8,97204.7,104453,112133,120370,129238,137378,143105,148674,154076,159398,164948,170469,175766,180738,185329,189500,193211,196404,198984,200773,201413,199628,195031,195020,199691,204661,209298,213578,
7297.69,14748.3,22330.7,30019.5,37779.5,45569.9,53347.1,61065.2,68680.3,76158.6,83493.7,90765.1,98041.5,105453,113155,121336,130145,139663,148353,154303,160071,165660,171154,176802,182404,187805,192917,197688,202077,206036,209503,212381,214500,215539,214483,211465,213754,219797,225619,230871,235641,
8522.37,17236,26106.5,35090,44128.9,53158.2,62110.7,70922.1,79536.7,87913.9,96059.3,104089,112107,120235,128665,137656,147390,157951,167496,173779,179857,185764,191575,197309,202955,208476,213825,218953,223805,228322,232430,236036,238997,241107,242107,243219,250697,259467,266846,273146,278688,
10833.4,21725.2,32434,42654,52066.6,60408.7,67521.5,73385.8,78088.4,81778.7,84683.7,87090.6,89225.2,91204.8,93238.8,95549.9,98196.5,101103,103169,103455,103750,104225,105020,106054,107679,110115,113438,117614,122526,127999,133817,139769,145703,151622,158676,169945,186426,198300,207009,214050,220050,
6670.95,11135.1,13807.2,15136.4,15569.7,15543.6,15472.5,15701.7,16459.2,17827.8,19782.7,22254.5,25149.2,28407.2,31998.2,35913.4,40161.5,44761.2,49323.5,53288.8,57257.1,61154.8,64956.1,68811.5,72487.1,75779.5,78547,80689.5,82122.4,82765,82523.4,81266.9,78770.3,74587.1,67323,55182.6,47362.9,48830.1,52888.6,58152.7,64304.5,
1644.9,3800.76,6452.6,9561.82,13082,16964.8,21163.9,25627,30301.9,35139.2,40093.9,45151.2,50298,55595.4,61084.8,66799,72787.9,79100.7,85166.3,90208,95173.4,100013,104759,109738,114616,119140,123177,126663,129564,131852,133489,134398,134406,133090,128650,118334,107695,104624,103764,103244,102544,
2867.88,6114.22,9712.52,13640.7,17871.9,22376.4,27120.5,32065,37164.9,42380.4,47675.2,53046.8,58493.4,64095.1,69904.4,75963.9,82331.6,89057.5,95467.9,100673,105792,110783,115692,120879,125993,130775,135095,138894,142143,144821,146895,148296,148858,148173,144432,135129,126025,124335,124841,125811,126784,
3389.91,7085.66,11073.7,15341.7,19870.7,24636.7,29610.8,34757.4,40034.9,45406.9,50840.8,56340.9,61910.3,67636.6,73578.6,79784.9,86317.5,93227.2,99787.6,105050,110223,115266,120232,125490,130687,135562,139988,143906,147289,150115,152352,153931,154685,154208,150698,141794,133453,132407,133476,135006,136577,
3659.28,7591.12,11786.5,16236.9,20926.9,25834,30932.2,36185.7,41556.3,47008.7,52512.2,58076.2,63706.7,69494.1,75501.1,81782,88399.6,95405.5,102041,107324,112514,117574,122558,127840,133067,137980,142450,146421,149864,152758,155071,156731,157572,157184,153770,145064,137213,136550,137916,139716,141551,
9700.84,19685.8,29766.3,39698.4,49218.3,58120.2,66298.1,73749.2,80548.8,86825,92713.1,98379.4,103952,109682,115671,121913,128398,135073,141165,145993,150843,155825,161173,167647,174831,182480,190542,199007,207808,216747,225491,233595,240540,245667,246247,238752,226958,223293,223322,224701,226626,
10131.6,20461.9,30772.2,40789.3,50230.7,58884.3,66651.6,73541.6,79651,85122.6,90105.8,94797.1,99346.9,104003,108890,114049,119496,125191,130171,133515,136823,140212,143907,148531,153783,159505,165708,172439,179696,187355,195140,202625,209259,214308,215323,209547,202579,203121,206194,209918,213755,
10845.3,21716.8,32329,42345.6,51444.1,59403.7,66146.2,71724.5,76288.6,80031.5,83161.1,85939.9,88571.3,91285.1,94234.9,97531.8,101220,105268,108492,109716,110897,112146,113621,115574,117903,120584,123689,127324,131597,136547,142081,147928,153620,158465,160932,160236,163672,171622,179596,186950,193688,
11690.3,22648,32286.2,40021.5,45450.7,48487.7,49343.1,48437.3,46237.9,43170,39583.8,35773.9,31928,28171.2,24612.7,21357.5,18503.5,16250.6,15038.9,16180,21122.6,29458.2,39661.1,50264.3,60377.1,69233.7,76039.8,80012.3,80427.3,76800.9,69131.8,58199,45936.9,35851.6,32470.9,38894.3,48130.5,54479.3,60883.5,67433.2,73921.3,
4289.07,6575.13,8468.8,11463.5,16202.2,22582.5,30271,38959.2,48430.7,58557.5,69244.8,80402.3,91937.9,103900,116161,128432,140500,152229,164405,178283,192563,207252,222446,238950,256079,273298,290255,306617,321969,335803,347603,356967,363731,367965,367660,358073,326202,293613,264841,237887,212027,
5440.76,12045.2,19666.3,28116.9,37167.3,46595,56234.2,65987.9,75831.6,85804.8,95940.1,106262,116773,127646,138823,150061,161193,172102,183212,195336,207784,220597,233948,248837,264507,280409,296246,311778,326705,340635,353146,363899,372736,379643,382003,375013,350685,330715,316745,305913,296573,
6837.77,14538.3,22994.1,32041.2,41465.1,51061.5,60686,70265.9,79804,89362.9,98998.1,108763,118682,128953,139544,150242,160896,171396,181987,193267,204840,216760,229217,243231,258055,273158,288265,303166,317589,331161,343470,354156,363007,369918,372114,364827,341736,324112,312722,304722,298660,
7325.08,15411.1,24156.6,33400.2,42929.9,52546.7,62114.1,71568.9,80924.2,90251.8,99616.2,109083,118687,128636,138911,149312,159701,169973,180279,191106,202210,213649,225620,239144,253486,268126,282802,297317,311410,324722,336839,347392,356141,362928,364917,357347,334751,318078,307596,300434,295169,
7561.3,15834.2,24717.6,34049.8,43620.6,53233.1,62754.5,72128.2,81370.2,90558.4,99761.3,109050,118465,128220,138304,148525,158753,168886,179018,189566,200380,211520,223186,236399,250431,264768,279158,293408,307267,320379,332334,342758,351396,358062,359878,352064,329758,313665,303694,296959,292060,
8463.64,15272.7,20664.2,24928.2,28321.3,31040.6,33232.8,35009.4,36461.5,37670.5,38693.4,39577.5,40367.1,41159.1,41965,42746.8,43488.9,44178.8,44816.9,45447.5,46093.7,46809.1,47684.9,48981.1,50583.5,52457.5,54663.8,57318,60584.8,64677.5,69868,76503.6,85026.2,95903.1,108507,117441,107118,97668.6,94171.1,94018.7,95504.2,
7841.99,13800.7,18159.7,21246.3,23347.5,24693.2,25461,25801.6,25841.5,25697.6,25464.1,25229.1,25061.9,25041.5,25189.8,25504.4,25985.6,26625.6,27191.8,27414.2,27660.7,27927.2,28221.3,28582.4,28918,29168.3,29306.2,29322.6,29224.3,29035.2,28801.6,28608.9,28600.6,28942.4,29267,26377.4,21085.4,26083.5,35089.8,45259.4,55352.8,
6701.8,11167.1,13831.9,15196.9,15759.6,15988.6,16302.9,17032.3,18366.9,20353.3,22943.3,26059.9,29614.4,33512,37702.6,42207.5,47065.8,52322.2,57475,61771,66014.4,70126.5,74014,77401.9,80356.6,82916.5,85066.8,86773.5,87990.9,88669.5,88755.4,88194.9,86945.5,85079.3,83537.5,85502.3,91344.8,91784.3,90453.4,90256.3,92173.3,
4302.76,6606.47,8579.25,11763.4,16830.3,23687.1,31998.3,41457.9,51837.8,62978.6,74797.3,87233,100220,113505,126942,140447,153861,167025,180724,196280,212332,228893,245739,261805,277590,293309,308825,323861,338122,351406,363682,375140,386245,397928,413866,433551,435281,419773,397506,371183,343251,
6930.83,17029.9,28645.2,40907.5,53425.4,66051.3,78750.5,91538.5,104454,117545,130818,144150,157431,170528,183192,195059,205881,215557,226582,242048,257953,274345,291193,308551,326462,345008,364297,384448,405599,427904,451557,476798,503972,533564,566155,597329,602605,594292,580355,559747,532915,
11228.2,22484.6,33517,44299.2,54894.2,65385,75850.1,86356.5,96964.1,107734,118673,129673,140642,151556,162194,172189,181312,189481,198749,211667,224956,238657,252810,267810,283425,299564,316285,333718,352047,371491,392334,414942,439823,467656,498300,527229,531829,527402,521659,513274,502126,
11206.5,21981.2,32262.7,42140.5,51743.6,61190.8,70579.7,79986.5,89475,99109,108898,118750,128589,138419,148047,157130,165461,172961,181413,193047,205024,217382,230179,243875,258187,272987,288315,304300,321121,339001,358224,379153,402290,428293,456772,483042,485040,478784,471747,462556,451152,
11051.6,21519.8,31398.8,40813.8,49913.9,58831.7,67670.4,76511.9,85420,94460.3,103643,112887,122121,131365,140439,149017,156905,164027,172026,182966,194230,205859,217917,230886,244468,258521,273079,288271,304272,321306,339655,359678,381872,406880,434205,459023,459551,452235,444324,434387,422337,
10933.5,21206.7,30839.4,39974,48770.2,57366.7,65870.4,74365,82915.4,91587.9,100394,109258,118115,126991,135716,143974,151578,158456,166166,176666,187481,198650,210241,222745,235858,249433,263502,278190,293673,310176,327976,347435,369042,393434,420061,444053,443789,435881,427493,417165,404789,
1587.44,2612.4,3194.37,3443.53,3478.63,3428.89,3420.57,3545.58,3836.42,4277.19,4832.11,5468.1,6159.13,6889.41,7651.06,8447.77,9288.32,10182.2,11016.4,11623.3,12181.9,12676.4,13094.8,13417.2,13625.9,13702.7,13627.2,13376.2,12921.4,12227.4,11249.6,9937.59,8278.85,6680.82,9254.09,25183.3,35691.9,36766,35871.5,34120.8,31546.2,
829.521,1419.02,2089.27,2997.03,4165.93,5566.83,7160.29,8906.99,10770,12713.2,14708.6,16745.6,18817.1,20914.2,23055.3,25289.9,27660.1,30199.3,32594.3,34399.1,36129.1,37759.1,39265.3,40562.8,41682.8,42638.5,43420.5,44010.9,44387.3,44524.1,44395.7,43980.2,43281.3,42443,42456.2,47604.1,58576.1,63837.5,65838.2,66152.6,65253.4,
1638.14,3786.06,6442.55,9579.4,13159.7,17142.8,21488.5,26152.8,31088.4,36237.1,41555,47030.6,52651.9,58360.7,64191.7,70276.6,76715.9,83588,90219.8,95641.1,100959,106103,110973,115166,118907,122336,125486,128352,130917,133169,135115,136788,138288,139924,143355,152248,165139,171450,174123,174834,174096,
5414.79,12028.7,19750.5,28447.1,37939.3,48026.3,58528.7,69330.2,80375,91646.2,103193,115077,127334,139750,152271,164926,177614,190183,203079,217232,231831,246930,262334,276870,291228,305742,320332,334728,348629,361816,374239,386085,397862,410635,428831,453857,468005,469456,468057,465478,461876,
11206.9,22506.7,33666.2,44637.9,55458.1,66189.8,76898.1,87649.3,98502.9,109505,120676,131923,143162,154194,164826,174820,183989,192245,201682,214904,228534,242610,257045,271532,286388,301857,318084,335172,353216,372338,392703,414563,438334,464720,495757,528730,540367,541983,543553,544579,544160,
8980.92,17714.1,26275.2,34732.1,43147.4,51574.4,60059.2,68641.4,77357.2,86239,95286.4,104402,113502,122488,131180,139322,146744,153385,161031,171867,183040,194575,206447,218683,231317,244414,258059,272358,287441,303478,320708,339477,360331,384125,412138,441380,449574,451161,456360,464761,475419,
7616.76,15034,22326.5,29556.7,36778.7,44038.3,51373,58816,66395.1,74138.2,82042.3,90019.6,97997,105905,113585,120800,127399,133329,140133,149710,159595,169811,180350,191314,202673,214448,226708,239549,253101,267532,283076,300076,319065,340874,366516,392797,397698,396353,398745,404413,412494,
6968.83,13747.8,20411.5,27020.6,33627.4,40274.7,46998.1,53827.1,60788,67906.8,75180,82528,89883.3,97189.9,104302,110997,117133,122660,128990,137861,147023,156500,166290,176521,187143,198160,209634,221657,234357,247901,262520,278550,296517,317235,341615,366446,369829,366971,367829,371898,378286,
6603.36,13016.8,19315.3,25559.4,31800.6,38080.7,44434.4,50889.9,57472.5,64207.3,71091.1,78048.8,85017,91947,98700.9,105066,110907,116177,122206,130636,139347,148362,157684,167454,177610,188152,199134,210650,222826,235826,249882,265328,282684,302756,326405,350388,352875,349164,349160,352339,357799,
429.112,1001.8,1709.67,2536.44,3463.11,4471.28,5543.18,6662.24,7812.02,8976.6,10144.7,11316,12491,13669.3,14865.9,16112,17432.4,18843.5,20141,21049.4,21902,22686.3,23391.4,23976.1,24453.2,24825,25082.1,25209.9,25190.1,25002.8,24628.5,24058.1,23330.2,22709.1,23656.9,31945.7,44574.9,49765.3,52141.2,53434.6,54138.5,
1228.53,2678.16,4324.16,6144.15,8114.98,10214.1,12419.2,14708,17056.7,19440.2,21841.7,24265.3,26715.2,29185.9,31709.9,34357.5,37182.3,40220.3,43059.4,45141,47143.6,49045.4,50823.2,52368.2,53740.7,54972.6,56062.8,56997.7,57757.8,58323,58674,58798.7,58712.4,58562.7,59321.7,64836.6,76404.1,83080.5,86774.5,89073,90560.1,
2852.08,6090.88,9700.63,13667,17971.1,22590.4,27498.5,32665.8,38053.4,43612.6,49309.4,55146.4,61123.1,67184.9,73380.7,79860.5,86737.2,94089.2,101142,106813,112375,117764,122878,127293,131259,134934,138358,141526,144424,147040,149381,151483,153441,155551,159472,168762,182485,190153,194466,197164,198898,
6812.73,14530.5,23104.6,32425.5,42328.4,52627.4,63159.7,73829.2,84605.5,95493.1,106564,117914,129601,141432,153383,165520,177759,189951,202364,215717,229493,243759,258339,272071,285674,299504,313488,327359,340811,353608,365671,377150,388506,400746,418253,442789,457912,460540,460259,458985,457159,
11180.3,21999.7,32418,42501.9,52352.7,62066.1,71726,81405.7,91170.6,101066,111117,121253,131404,141371,150990,160074,168460,176065,184714,196702,209074,221865,234985,248053,261439,275418,290138,305691,322166,339668,358354,378462,400403,424886,454160,485885,496978,497528,497721,497316,495627,
7608.62,15028.2,22336.7,29593.7,36850.2,44148.1,51523.6,59008.3,66631,74415.9,82362.8,90387.7,98418.7,106350,114027,121241,127850,133799,140637,150270,160218,170503,181088,191917,203082,214680,226801,239541,253013,267371,282835,299734,318600,340288,366298,393870,400593,399988,402434,407696,414995,
5997.75,11942.4,17876.2,23833.4,29845.3,35938.7,42137.3,48462.1,54932.5,61566.7,68360.4,75239.3,82139.4,88984.5,95640.4,101917,107687,112905,118887,127257,135914,144877,154125,163677,173561,183829,194554,205822,217747,230479,244234,259335,276300,295957,319550,344151,347555,343844,343238,345444,349721,
5271.37,10525.7,15795.1,21107.5,26487.9,31958.5,37538.8,43246.9,49098.2,55109,61273.7,67524.2,73802.2,80044.1,86128.1,91877.1,97175.4,101981,107483,115154,123095,131326,139832,148660,157815,167334,177282,187741,198823,210678,223518,237664,253626,272220,294590,317704,319464,314240,312089,312648,315149,
4866.2,9726.2,14608.9,19539.3,24540.6,29632.8,34834.1,40160.3,45626.1,51246.4,57016,62871.3,68757.9,74619.5,80342,85757.9,90757.8,95301.4,100499,107724,115211,122976,131012,139375,148060,157099,166550,176497,187049,198354,210623,224175,239514,257448,279072,301375,302324,296235,293191,292822,294348,
890.475,1889.45,2981.77,4153.62,5390.63,6679.26,8006.2,9358.78,10724.1,12089,13445.9,14800.6,16158.4,17520.6,18908.6,20363.1,21913.5,23577.9,25100.5,26147.3,27135.8,28055.4,28896.2,29609,30216.8,30728,31135.8,31426.3,31581.8,31582.5,31407.8,31043.6,30509.8,29995.9,30647.7,37373.2,49696.4,55769.7,58972.8,61011.4,62428,
1733.58,3625.75,5662.16,7828.81,10109.8,12488.1,14946.5,17466,20027.4,22608.1,25194.5,27798.1,30427.5,33079.1,35791.4,38644.1,41695.2,44981.9,48040.5,50254.6,52387.1,54417.4,56324.2,57990.3,59485.9,60848.6,62078.9,63164.3,64085.2,64821.2,65352.8,65666,65771,65798.4,66676.1,72077.2,83648.4,90732,94920.7,97747.5,99797.6,
3373.35,7061.92,11063.2,15372.4,19978.7,24864.8,30010.1,35387.2,40963,46690.7,52541.3,58525.5,64648,70856,77204.7,83855.7,90923.2,98487,105720,111482,117133,122610,127815,132316,136373,140147,143679,146964,149985,152731,155207,157445,159534,161752,165738,174997,188844,196887,201643,204822,207073,
7300.86,15406.9,24276.8,33803.8,43825.1,54158.4,64646.7,75201.7,85802.6,96462.9,107264,118315,129686,141192,152827,164671,176651,188621,200755,213663,226978,240774,254886,268166,281341,294772,308391,321934,335091,347621,359434,370662,381740,393647,410720,434878,450285,453287,453257,452146,450422,
11024.3,21537.3,31555.1,41179.9,50532.7,59722.7,68839.3,77961.5,87154.8,96464.8,105921,115459,125019,134407,143473,152053,160000,167233,175441,186750,198428,210513,222909,235216,247820,261004,274920,289658,305301,321953,339765,358976,379995,403543,431951,463010,473729,473793,473340,472193,469700,
6959.69,13743.4,20429.8,27076.2,33730.4,40431.1,47211.1,54099.4,61122.2,68301,75635.7,83050.6,90480,97819.2,104928,111621,117769,123322,129698,138648,147899,157473,167329,177383,187747,198529,209821,221714,234317,247778,262312,278242,296098,316738,341751,368492,374538,372955,374164,377986,383668,
5268.74,10523.4,15797.4,21117.7,26508.4,31991.1,37584.5,43306.5,49172.8,55198,61377.8,67644.8,73941,80190.8,86273.5,92021.6,97322.6,102134,107648,115338,123300,131555,140077,148856,157940,167394,177291,187714,198771,210607,223431,237564,253520,272135,294740,318476,321105,316371,314466,315135,317656,
4515.98,9060.17,13654.2,18316.6,23065.3,27916,32883.4,37981.3,43222,48617.8,54163.2,59797.1,65467.1,71110.6,76618.4,81836.6,86662.7,91058.6,96089.4,103074,110318,117836,125613,133663,142014,150713,159826,169434,179642,190593,202494,215661,230601,248136,269499,291777,292838,286580,283101,282094,282802,
4099.54,8240.87,12441.4,16716.8,21082.2,25551.4,30137.2,34851.2,39704.6,44708.6,49857.6,55095.4,60373,65634.9,70780,75663.5,80189.4,84321.4,89045.2,95585.5,102374,109427,116733,124318,132200,140419,149037,158133,167810,178210,189541,202114,216433,233309,253928,275404,275671,268561,264197,262263,261997,
1158.65,2396.68,3703.62,5069.23,6482.4,7931.88,9406.75,10895.8,12388.1,13872,15341.4,16806.2,18273.9,19747.5,21251.8,22832.6,24522.1,26339.3,27997.4,29126.9,30196.4,31195.8,32116.5,32905.6,33590.3,34182.1,34674.4,35053.8,35302,35398.3,35320.5,35050.2,34595.6,34109.5,34606.9,40634.6,52673.3,59074.4,62606.7,64920.7,66570.3,
2004.69,4137.96,6390.47,8752.05,11210,13749.7,16356.3,19012.8,21701.5,24401,27100.4,29814.2,32553.8,35316.4,38144.9,41123.9,44314.3,47753.8,50947.9,53244.4,55457.3,57566.9,59552.8,61294.1,62865.4,64306.8,65619.9,66791.2,67801.7,68630.2,69256.2,69663.8,69858,69955.8,70849.1,76095.4,87599.5,94858.6,99248.6,102262,104482,
3644.38,7572.68,11787.5,16287.9,21065.5,26106.4,31391.2,36896.4,42589,48424.9,54377,60458.8,66678.5,72985.8,79439.9,86204.8,93400.2,101105,108462,114294,120012,125556,130828,135394,139516,143357,146959,150317,153413,156235,158786,161096,163249,165512,169497,178652,192536,200754,205683,209013,211396,
7538.7,15835.3,24849.2,34472.8,44543.4,54879.4,65326.5,75800.4,86285.4,96799.5,107430,118291,129461,140763,152196,163853,175664,187486,199439,212065,225088,238586,252400,265395,278299,291475,304860,318189,331154,343509,355159,366223,377124,388820,405614,429512,445040,448212,448268,447177,445422,
10904.7,21219.6,30986.8,40326.2,49370.7,58234.6,67011.8,75781.4,84612,93548.7,102623,111778,120959,129974,138684,146940,154601,161589,169505,180373,191601,203224,215150,226969,239074,251753,265156,279374,294488,310600,327863,346515,366966,389940,417803,448490,459135,458961,458202,456742,453940,
6592.85,13010.8,19333.2,25617.1,31909.3,38247,44662.1,51182,57832.1,64632.5,71583.6,78614.7,85664.2,92629.4,99378.8,105741,111595,116892,122972,131488,140297,149419,158813,168382,178248,188523,199301,210670,222739,235651,249620,264968,282223,302246,326669,352914,358573,356457,357021,360137,365075,
4862.17,9722.24,14610.7,19551.7,24567.2,29676.1,34895.7,40241.4,45728.1,51368.8,57159.6,63038.2,68950.6,74823.1,80543.2,85957.2,90960.4,95512.4,100726,107978,115495,123294,131351,139641,148222,157164,166541,176434,186949,198227,210477,224015,239356,257334,279324,302580,304873,299571,296968,296866,298563,
4099.05,8241.23,12444.5,16724,21094.9,25570.3,30162.9,34884.5,39746,44758,49915.1,55161.1,60447.3,65712.8,70856.6,75738.4,80263.8,84397.2,89126.1,95676.2,102476,109541,116855,124418,132269,140459,149056,158137,167807,178205,189537,202116,216450,233362,254129,275910,276578,269767,265605,263835,263720,
3677.68,7413.17,11219.9,15109.9,19095.6,23187.9,27397.5,31734.2,36207.5,40826.9,45587.2,50436.4,55329.6,60212.9,64993.3,69539.6,73763.7,77632,82053.2,88158.4,94503.3,101103,107946,115045,122427,130137,138238,146807,155946,165794,176556,188542,202254,218509,238534,259518,259405,251753,246714,244023,242937,
4396.84,8801.27,13205.1,17599.8,21975,26319.2,30620.8,34867.2,39045.8,43143.7,47149.4,51051.5,55058.3,59125.3,63315.5,67692.1,72311.9,77241.3,82609.6,88401,94546.8,100800,103836,106789,109648,112385,114974,117410,119703,121826,123744,125410,126760,127698,128062,127666,126592,128057,135866,143083,148894,153772,158034,
5169.69,10383.2,15632.3,20907.6,26196.1,31482.9,36752.2,41987,47168.5,52277,57294.7,62204.3,67254.9,72379.6,77653.7,83163.1,88982.1,95195.6,101966,109281,117062,125013,129024,132872,136571,140129,143521,146743,149805,152676,155319,157690,159732,161369,162547,163221,163620,167257,176567,184500,190764,195983,200525,
6616.69,13386.5,20305,27363.3,34545.1,41828.9,49189.5,56600.7,64031.2,71444.9,78813.4,86109.1,93653.6,101316,109183,117393,126051,135275,145284,156067,167521,179250,185788,191835,197511,202986,208277,213388,218337,223079,227574,231780,235660,239189,242733,246699,251526,261166,274026,283277,290161,295714,300434,
9686.93,19702.3,29915.9,40131.8,50119.9,59664.8,68614.2,76913.3,84595.3,91734.2,98465.2,104948,111529,118090,124744,131673,138921,146468,154261,162090,169698,176739,181469,185078,188168,191407,195057,199231,203994,209382,215433,222192,229724,238141,248569,262393,280618,304850,320740,328637,333777,337550,340415,
8431.14,15261.4,20734.6,25110.1,28611.5,31412.1,33645.7,35420.5,36830.2,37946.1,38844.3,39597.6,40235.8,40756,41203.2,41646.2,42103.9,42567.9,43003.4,43373.3,43640.6,43779.3,44015.9,43976.7,43847.8,43828.8,44021.3,44494.9,45320.9,46592.9,48435.5,51028.1,54641.6,59698.1,67141.6,78520.9,95904.7,116945,123564,125023,126986,130153,134490,
1555.16,2550.74,3100.05,3302.61,3264.08,3111.6,2985.85,3002.82,3210.95,3591.89,4099.49,4686.59,5335.81,6019.3,6729.04,7462.56,8221.24,9010.96,9851.11,10748.3,11706.1,12708.3,13339.8,13977.3,14594.7,15156,15629.9,15989,16207.3,16249,16071.3,15615,14793.3,13469.5,11392.2,8185.62,4678.41,15343.4,25462.6,30013,32934.2,35241.6,37274.1,
425.563,1001.73,1714.85,2546.15,3475.71,4484.87,5556.45,6673.78,7820.64,8982.21,10143.8,11291,12458.3,13637.1,14836.9,16063.8,17327.8,18644.1,20045.2,21534.1,23103.4,24706.6,25591.9,26500.3,27391.4,28211.8,28928,29518.8,29967.1,30243.4,30309.4,30110.6,29563.3,28531.2,26719.7,23639.7,18601.9,15343.1,22171.6,27956.2,31962.7,34960.9,37344.9,
898.61,1905.03,3002.85,4177.34,5414.98,6702.37,8026.95,9375.98,10736.6,12097.3,13445.6,14769.1,16117.7,17483.3,18879.2,20313.7,21798.7,23352.1,25012.5,26779.5,28639.3,30530,31524.1,32545.8,33550.9,34480.8,35302,35995.1,36547.3,36930.6,37108.5,37027.7,36605.9,35708.1,34033,31093.6,26210.7,22206.8,27546.6,33107,37234.9,40434.2,43041.5,
1168.58,2415.31,3728.27,5097.09,6511.13,7959.92,9433.15,10920,12409.1,13890.4,15352.6,16784.6,18244.6,19724.4,21240,22801,24421.1,26119.9,27939.6,29878.2,31918.4,33988.6,35052.9,36146.1,37222.6,38221.4,39108.8,39867.1,40485.2,40936.5,41184.7,41177.6,40833.7,40019.9,38432.9,35594,30854.5,26759.1,31618.7,37096.1,41294.1,44608.5,47346.4,
5171.95,10385.3,15629.5,20893.6,26163.4,31423.3,36656.4,41844.7,46968.8,52010.8,56952.5,61775.8,66728.3,71766.2,76965.8,82394.7,88119.7,94222.2,100862,108025,115634,123394,127275,131154,134982,138677,142193,145520,148674,151624,154329,156735,158766,160308,161071,160724,159163,158930,165405,172397,178369,183536,188127,
5913.25,11897.3,17939.8,24027.5,30143.6,36267.6,42378.4,48452.8,54466.3,60395.2,66216.2,71907.3,77759.6,83708,89841,96249.3,103016,110240,118111,126615,135661,144905,149560,154123,158572,162864,166962,170858,174572,178070,181312,184248,186805,188889,190314,190884,190655,192648,200874,208726,215235,220801,225719,
7293.54,14747.4,22349.4,30082.5,37921.5,45835.5,53790.6,61752.5,69684,77547.1,85312.9,92956.2,100843,108852,117090,125699,134791,144494,155046,166424,178501,190819,197304,203333,209003,214447,219681,224727,229621,234327,238807,243014,246896,250399,253733,257125,260868,268703,280852,290332,297683,303764,309022,
10114.7,20469.1,30899.5,41178.5,51050.7,60286.9,68732.4,76337.9,83149,89252.6,94800.7,99965.4,105147,110251,115423,120848,126583,132624,138946,145333,151508,157063,159530,160960,161905,162941,164304,166118,168471,171417,175011,179310,184387,190337,197996,208462,222889,244161,260834,270487,277429,283005,287678,
7811.75,13783.8,18200.6,21354.9,23493.1,24817.2,25489.6,25648.9,25421.6,24913.7,24230.8,23465.8,22724,22019.8,21410,20942.9,20631.8,20475.8,20478,20615.9,20869.5,21199.7,21043.2,20934.1,20929.5,21050,21268.9,21539.3,21808.5,22014.2,22091,21975.3,21603,20922.8,19953.8,19049.5,20460,31862,44234.2,51447,57125.4,62633.9,68539.9,
795.939,1364.15,2025.73,2928.82,4088.09,5471.42,7039.12,8752.3,10574.3,12472.3,14414.5,16369.7,18379.1,20427.7,22528.1,24687.7,26922.5,29258.6,31752.2,34418.1,37256.4,40209,42113.2,44126.7,46174.8,48154.6,50003.5,51684.3,53171,54422.8,55392.2,56016.4,56203.6,55809.2,54453.6,51559.4,46200.7,39186.1,40465.3,44517.4,48028.8,50836.6,53077.2,
1236.9,2693.91,4342.97,6158.98,8118.86,10199.6,12379.4,14635.8,16945.1,19286.4,21635.3,23967.4,26356.5,28792.5,31296.2,33877.6,36556.7,39364.8,42369.9,45579.5,48981.2,52486.1,54595.5,56831.9,59107.7,61303.6,63356.3,65234.1,66920.4,68379.6,69569.7,70431.7,70877.8,70766.7,69694.5,67071.9,62022.2,55136.6,55884.5,59684.4,63243.2,66258.6,68803,
1745.59,3647.12,5686.91,7849.78,10119.6,12479.8,14913.7,17402.7,19926.6,22467.1,25002.8,27511.2,30080.8,32702,35400.1,38186.9,41084.8,44128.4,47391,50877.6,54569.2,58360.3,60574.3,62919.5,65304.9,67606.1,69759.7,71736.9,73524.9,75090.7,76392.9,77374.4,77948.6,77976.4,77046,74573,69732.7,63145.3,64009,67907.1,71618.4,74828.9,77600.9,
2016.13,4157.38,6410.67,8764.48,11206.6,13723,16299,18918.1,21561.7,24213.3,26852.4,29457.7,32127.3,34851.5,37657.6,40559.2,43580.2,46756.4,50165,53808.6,57664.4,61617.9,63887.2,66287.9,68728.1,71081.8,73286.3,75314,77154.6,78775.2,80135.8,81179.9,81820.9,81919.7,81062.5,78666.9,73940.6,67599.3,68668.6,72677.8,76496.4,79821.4,82716.6,
6623.06,13389.5,20283.4,27286.4,34371.4,41506,48654.8,55778.2,62836.9,69800.9,76638.6,83322.6,90166.5,97151.5,104379,111908,119812,128188,137236,146931,157166,167557,173123,178970,184957,190862,196614,202213,207689,213004,218083,222827,227096,230706,232943,233082,230792,226842,229427,234972,240545,245724,250493,
7295.15,14743.2,22322.3,30006.6,37762.4,45548.6,53322,61036.5,68648.4,76124.7,83433.5,90550.7,97837.6,105259,112933,120940,129372,138339,148062,158507,169544,180728,186387,192184,198020,203730,209265,214647,219927,225077,230034,234710,238973,242649,245135,245823,244511,242748,247677,254569,261027,266876,272204,
8522.37,17236,26106.5,35090,44129.3,53159.2,62112.5,70924.8,79540.2,87917.6,96034.4,103885,111917,120061,128462,137257,146561,156503,167323,178952,191190,203447,208989,214191,219107,223789,228290,232698,237118,241557,245987,250340,254513,258360,261651,264148,265861,269695,279586,289040,297067,304053,310286,
10832.1,21723.3,32431.6,42651.7,52065.1,60408.1,67524.2,73387.8,78091.4,81780.9,84661.8,86953.2,89133,91177.4,93264.5,95556.1,98107.9,100922,103992,107092,109937,112077,110603,108476,106102,103837,101864,100307,99272.7,98823.7,99001.3,99833.1,101332,103491,106487,110635,116825,129432,145277,157375,167321,176065,183976,
6670.95,11135.1,13807.2,15136.3,15569,15541.8,15469.3,15698,16457.1,17830.1,19786.4,22229.1,25132,28392.8,31972.5,35830.4,39950.4,44343.2,49078.3,54183.1,59676.5,65504.5,70158.6,75281.5,80742.9,86322.8,91881,97310.6,102513,107363,111728,115465,118411,120373,120671,118485,112645,100515,92557.4,90566.6,89971.5,89492.9,88903.6,
1645.25,3802.35,6456.42,9568.98,13093.3,16982.3,21189.4,25664.4,30353.4,35208,40172.9,45190.2,50355.7,55667.1,61151.9,66797.6,72625,78682.2,85081.5,91851.2,98991.6,106389,111864,117901,124284,130696,136990,143086,148927,154425,159477,163971,167771,170708,171978,170702,165964,155145,148128,147061,147659,148570,149371,
2867.88,6114.22,9712.52,13640.8,17872.8,22379,27126.6,32076.2,37183.3,42408.1,47702.1,53014,58472.4,64080.6,69875.7,75848.4,82024.3,88456.8,95268.4,102479,110073,117902,123444,129552,136004,142473,148815,154963,160873,166466,171645,176299,180296,183464,184973,183931,179511,169437,163556,163427,164883,166673,168427,
3389.91,7085.66,11073.7,15341.8,19871.6,24639.3,29616.8,34768.5,40053,45434,50866.1,56300.8,61882.7,67616.5,73544,79658.9,85989.3,92591.5,99593.2,107010,114818,122851,128409,134529,140987,147457,153798,159949,165873,171493,176715,181429,185501,188760,190365,189422,185143,175458,170188,170535,172389,174551,176675,
3659.99,7593.16,11790.6,16243.9,20937.6,25850.4,30955.9,36220.2,41603.7,47071.6,52580.1,58082.6,63732.7,69535.7,75536.3,81730.2,88147.3,94845.5,101956,109491,117423,125574,131137,137256,143710,150173,156507,162653,168577,174206,179447,184190,188300,191603,193258,192368,188167,178715,173815,174435,176503,178850,181144,
9702.64,19690.1,29773.2,39707,49227.8,58129.2,66306.9,73755.3,80554.2,86832.1,92706.6,98290.8,103900,109676,115698,121915,128310,134880,141642,148466,155173,161466,165289,169657,174304,178868,183337,187844,192587,197767,203587,210244,217909,226644,235438,242816,247172,242335,235946,236088,238716,241983,245265,
10128.3,20455.6,30762.9,40778.7,50221.8,58881.9,66661.5,73569.4,79701.8,85199.3,90196.2,94820.8,99443.5,104185,109144,114303,119666,125247,131087,137047,142924,148357,150532,153005,155566,157936,160119,162248,164509,167079,170146,173898,178520,184120,189993,194980,197552,193607,192199,196718,202827,209028,214888,
10845.3,21716.8,32329,42345.7,51444.9,59406.1,66151.7,71734.3,76304.2,80053.9,83172,85839.5,88517.4,91291.2,94278.6,97520.3,101044,104875,109076,113493,117902,121877,121814,121654,121345,120826,120137,119363,118603,117911,117344,116964,116867,117163,117800,118536,118867,119783,128026,138603,148875,158487,167398,
11692.9,22652.1,32288.7,40016.6,45435.4,48455.5,49293.8,48363.2,46141.4,43049.8,39429.7,35547.2,31714.4,27977.1,24434.6,21183.7,18343.3,16150.2,15111.5,16210.4,20621.4,28430.5,39376.9,52148.7,66160,81158.3,96973.4,113455,130425,147697,165043,182157,198621,213930,227662,239412,248484,246330,217023,181015,144866,110053,78669.7,
4289.07,6575.13,8468.8,11463.6,16203.2,22585.9,30278.9,38974.3,48455.6,58595.4,69302.2,80512.9,92080.1,104070,116373,128750,141034,153087,164738,175955,186775,197417,211513,226911,243277,260145,277444,295225,313561,332583,352397,373060,394538,416643,437865,456580,472135,474229,456034,438496,423148,408422,393209,
5441.53,12048.5,19673.5,28129.2,37184.4,46617.4,56263,66023.7,75876.8,85861.4,96011.4,106362,116912,127824,139051,150377,161669,172821,183706,194262,204470,214424,226488,239904,254273,269036,284115,299588,315583,332276,349819,368322,387814,408172,427739,444692,458268,458486,442358,429386,419750,411842,404884,
6837.77,14538.3,22994.1,32041.4,41466.1,51064.8,60694,70281.1,79829.6,89402.4,99052.9,108834,118797,129113,139758,150531,161314,172014,182523,192767,202699,212356,223473,235905,249250,262948,276920,291258,306103,321641,338035,355411,373815,393142,411730,427717,440236,439496,423942,412243,403989,397469,391899,
7325.08,15411.1,24156.6,33400.3,42930.9,52550.1,62122.1,71584.1,80949.8,90291.3,99669.9,109145,118794,128791,139119,149589,160090,170536,180830,190891,200659,210142,220756,232655,245440,258554,271922,285639,299853,314755,330512,347255,365041,383772,401797,417241,429176,427928,412658,401561,393922,387975,382924,
7562.43,15837.7,24724.3,34060.3,43634.5,53250.3,62776.1,72153.9,81402.7,90599.6,99809.9,109097,118553,128351,138482,148762,159085,169370,179525,189466,199126,208494,218798,230365,242799,255548,268537,281865,295683,310185,325539,341883,359275,377624,395287,410385,421949,420382,405276,394520,387221,381581,376802,
8465.64,15279.1,20674.5,24945.6,28345.5,31073.6,33277.3,35068.8,36539.6,37770.7,38821.8,39745.4,40575.1,41414.4,42275,43119.8,43936.7,44719.8,45450.5,46105.8,46656.9,47073.2,47381.6,47830.4,48327.8,48768.7,49162.4,49564.6,50050.7,50709.8,51645.6,52990.9,54926.9,57706.9,61495.2,66624.5,73143.5,73161,58461.1,47221,41751.4,41003.1,43911.2,
7842.24,13798.6,18153.5,21234.7,23332.1,24674.6,25442.5,25784.3,25829.6,25694,25469.2,25231.3,25085.1,25088.7,25255.1,25568,26019.3,26607.4,27344.9,28212.9,29185.8,30205.4,30466.2,30815.6,31182.2,31491.3,31704.2,31798.7,31755.4,31538.1,31102.3,30386.9,29306.7,27737,25462.6,22204.5,18032.2,18504.6,25755.2,29440.9,30731.8,30863.1,30795.1,
6703.92,11171.4,13840.1,15211.6,15778.6,16010.7,16325.3,17050.1,18373.9,20343.4,22903.2,25944.9,29461.8,33314.3,37436.2,41813.7,46454.9,51396.7,56742.8,62535.2,68795.6,75447.2,80395.2,85231.5,89944.9,94583.9,99113.6,103489,107671,111600,115231,118533,121496,124170,127047,130884,137054,149624,160094,163722,163870,161745,157783,
4303.61,6606.12,8580.1,11770.8,16847.3,23712.3,32027.8,41486.6,51861,62991.6,74801.3,87261.9,100248,113536,126991,140587,154217,167734,180908,193646,205915,217888,233471,248389,263146,278416,294439,311247,328769,346954,365760,385159,405167,425914,449000,476183,507330,537077,545386,545267,542756,537934,530016,
6930.83,17029.9,28645.2,40907.4,53424.6,66049.3,78746.5,91532.2,104446,117535,130848,144433,157709,170805,183536,195716,207184,217770,227151,235446,242916,250244,265682,281501,297720,314388,331584,349344,367662,386649,406456,427278,449392,473185,499342,528837,562157,590709,598180,604177,612859,622746,631752,
11230.1,22489.2,33525.7,44314.4,54915.5,65413.6,75886.9,86403.1,97022.2,107806,118792,130014,140994,151918,162623,172881,182541,191461,199384,206415,212776,219034,232009,245696,259937,274556,289564,304998,320881,337348,354562,372725,392117,413123,436012,461405,490015,512865,515507,518269,524810,533768,543519,
11206.5,21981.2,32262.7,42140.6,51743.6,61191.4,70581.3,79990.3,89482.4,99121.9,108945,118982,128828,138667,148352,157665,166463,174619,181907,188413,194329,200151,211857,224325,237364,250756,264494,278617,293159,308255,324065,340794,358713,378191,399394,422838,449252,469632,470021,470824,475520,482676,490667,
11050.5,21516.1,31391.2,40801.3,49897,58810.1,67645.3,76483,85389.2,94428.9,103639,113047,122286,131536,140662,149452,157770,165497,172425,178631,184288,189855,200867,212648,225001,237692,250709,264091,277879,292204,307229,323155,340248,358874,379155,401564,426819,445874,445069,444831,448523,454682,461682,
10932.5,21203.1,30831.9,39961.7,48753.5,57345.6,65846,74337.2,82886.2,91558.7,100391,109412,118275,127158,135932,144393,152407,159862,166558,172568,178055,183454,194029,205374,217288,229529,242085,254995,268300,282136,296661,312076,328646,346731,366434,388203,412743,430986,429451,428574,431658,437225,443656,
1588.46,2614.22,3197.37,3448.51,3485.4,3438.28,3433.41,3561.81,3854.97,4296.44,4848.52,5471.48,6155.83,6877.53,7625.61,8395.94,9190.52,10017.2,10897,11836.5,12836.9,13877.6,14491.4,15080.6,15623,16098.5,16486.8,16770.4,16933.7,16953.5,16806,16465.4,15909.8,15148.5,14347.9,14320.7,18707.1,33384.5,42623,45624.2,46841.2,47317.6,47319.8,
829.598,1419.12,2090.06,2999.4,4170.58,5574.25,7170.29,8919.58,10783.9,12727.4,14717,16721.6,18785.5,20872.2,22992.5,25172.4,27438.6,29823.9,32390,35152.7,38110.7,41198.3,43132.6,44976.8,46734,48418.8,50012.3,51494.6,52850.5,54051.2,55071.2,55888.3,56486.2,56871.8,57219.1,57957,60540.3,70073.8,80802.3,86345.1,89436.5,91294.1,92366.7,
1637.32,3785.06,6441.39,9577.16,13156.2,17137.3,21478.8,26138,31065.1,36203.7,41498.2,46889.6,52482.9,58158.2,63930.5,69880.1,76072.9,82583,89552.3,97021.3,104995,113346,119347,125009,130424,135758,141006,146131,151101,155854,160354,164582,168550,172335,176610,182268,190511,205254,218143,224671,228368,230621,231943,
5415.55,12032,19757.8,28459.3,37955,48043.1,58542.4,69334.8,80365.9,91618.1,103143,115022,127273,139694,152231,164955,177808,190666,203321,215635,227507,238987,252848,265709,278217,291191,304919,319450,334732,350714,367357,384632,402552,421237,442426,468012,497972,528526,539997,542879,543718,543479,542383,
11207.2,22507.2,33667,44640.1,55460.6,66191.4,76898,87645.3,98495.1,109492,120693,132153,143383,154410,165094,175349,185060,194082,202133,209299,215790,222176,235461,248728,262175,276072,290547,305633,321304,337640,354753,372804,392047,412855,436283,463635,495235,523114,529711,533628,539930,548062,557078,
8980.92,17714.1,26275.2,34732,43146.6,51572.4,60055.1,68635.2,77348.9,86229.4,95305.4,104604,113698,122680,131416,139776,147650,154924,161381,167115,172324,177502,188504,199835,211507,223557,236044,248996,262415,276393,291054,306572,323196,341289,361504,384800,411722,433863,434926,434499,437283,442729,450231,
7617.88,15035.5,22328.5,29559.6,36781.9,44041.5,51376.2,58818.7,66398.3,74142.8,82074.3,90212.2,98187.8,106094,113815,121220,128209,134684,140458,145616,150330,155032,164810,174983,185525,196421,207711,219424,231570,244245,257572,271720,286934,303572,322174,343602,368424,388047,386690,384099,384734,387954,393090,
6968.83,13747.8,20411.5,27020.5,33626.9,40273.4,46995.7,53824,60784.6,67904.2,75201.9,82694.3,90048.6,97354.9,104505,111373,117867,123893,129283,134112,138540,142962,152047,161543,171413,181624,192208,203195,214600,226516,239068,252424,266825,282621,300311,320715,344419,362860,360330,356587,356060,358073,361950,
6605.69,13021.9,19323.1,25570.5,31814.6,38097.6,44454.2,50913.3,57500.4,64240.9,71152.9,78252,85222.9,92155.2,98946.7,105476,111654,117395,122537,127156,131399,135642,144295,153367,162812,172589,182727,193258,204198,215642,227712,240578,254476,269759,286900,306701,329739,347366,344082,339673,338485,339824,343006,
428.774,1001.06,1708.24,2533.83,3459.51,4466.32,5536.4,6652.68,7798.46,8957.83,10116,11259.5,12424.3,13590.8,14769,15975.9,17226.7,18539.4,19947.8,21454.7,23051.8,24689.9,25582.1,26406.9,27166.4,27866.6,28496.4,29043.3,29497.1,29838,30045.9,30102.4,29994,29732.4,29466.9,29714.7,32562,43860.1,54450.5,59297.4,61995.3,63766.4,65016.9,
1227.83,2676.35,4321.18,6139.17,8107.99,10204.3,12405.5,14688.8,17030.2,19404.7,21788.6,24159.2,26593.1,29045.3,31537.8,34111.8,36801.9,39646,42716.7,46021.6,49546.7,53196.2,55360.7,57388.7,59308,61158.3,62929.2,64603.3,66169.1,67596.9,68862.3,69943.3,70825.3,71514.3,72206.3,73319,76148.8,85570.7,96627.4,102850,106699,109383,111373,
2852.08,6090.88,9700.63,13667,17970.9,22589.2,27495.3,32658.8,38040.4,43591,49264.4,55010.3,60965,66998.5,73138.6,79478.8,86092.2,93059.3,100528,108531,117059,125947,132138,137932,143446,148873,154215,159442,164521,169394,174021,178382,182486,186404,190817,196603,204851,219505,232849,240046,244474,247528,249746,
6812.73,14530.5,23104.6,32425.4,42327.5,52624.1,63151.5,73812.7,84577.2,95449.4,106502,117837,129527,141374,153349,165548,177928,190375,202699,214744,226380,237597,250556,262445,273936,285866,298529,311983,326186,341093,356666,372880,389749,407388,427529,452067,481063,511353,523517,526930,528124,528151,527280,
11182.4,22004.5,32427.2,42517.7,52373.6,62091.6,71754.6,81436.6,91203.3,101099,111181,121506,131653,141620,151289,160603,169466,177748,185193,191868,197950,203937,216023,227998,240096,252628,265734,279448,293746,308697,324408,341032,358816,378127,400100,426120,456528,483670,489595,492337,497145,503579,510754,
7608.62,15028.2,22336.7,29593.6,36849.2,44145.6,51518.5,59000,66619.5,74401.7,82371.3,90552.1,98576.2,106502,114216,121618,128617,135112,140914,146102,150846,155578,165417,175488,185842,196562,207716,219334,231418,244047,257340,271459,286646,303261,322044,344037,369776,391084,391188,389236,390111,393341,398342,
5999.8,11946.5,17882.5,23842.6,29856.7,35952.1,42152,48478.3,54950.7,61587.6,68406,75421.1,82319.9,89163.3,95852.1,102287,108386,114065,119163,123752,127979,132214,140833,149751,158979,168551,178515,188901,199719,211052,223016,235771,249555,264719,281895,302032,325690,344500,342167,338005,336664,337584,340115,
5270.27,10523.2,15791.2,21101.6,26479.5,31946.9,37523.4,43227.1,49074.5,55082,61263.1,67630.4,73904.7,80144.2,86258.1,92151.4,97748.3,102971,107676,111927,115857,119805,127731,135976,144536,153427,162690,172355,182436,193016,204210,216178,229152,243482,259753,278875,301428,319085,315600,310289,307779,307477,308725,
4866.2,9726.2,14608.9,19539.2,24539.9,29631.1,34830.8,40155.5,45620.1,51240.1,57027.7,62993.9,68879,74739.9,80491.1,86041.6,91319.4,96252.1,100705,104739,108478,112239,119730,127546,135677,144131,152945,162149,171761,181864,192571,204043,216510,230318,246031,264541,286430,303364,299181,293200,290015,289022,289562,
890.033,1888.33,2979.97,4150.68,5386.67,6673.81,7998.69,9348.18,10709.1,12068.4,13414.1,14735.2,16083.3,17434.5,18803.7,20214,21684.1,23234.6,24905.3,26695.3,28589.8,30523.9,31536.4,32463.4,33316.6,34110.6,34837.4,35486.2,36048.3,36503.3,36831,37010.9,37026.4,36878.9,36698.3,36910.4,39243.6,49335.4,60085.6,65506.4,68707.1,70906,72532.5,
1733.93,3626.8,5664.26,7832.33,10114.9,12494.7,14954,17474.3,20035.1,22613.7,25189.8,27743.2,30365.4,33007,35695.4,38477.3,41390.9,44477.6,47814.6,51406.8,55233.5,59182.2,61467.3,63596.9,65607.6,67548.2,69410.4,71179,72843.6,74374.8,75746.7,76936.7,77928.3,78724,79518.1,80705.9,83480.3,92615.3,103766,110278,114428,117399,119662,
3372.63,7061.03,11062.1,15370.3,19975.5,24859.7,30001,35373.2,40940.8,46658.9,52483.9,58368.7,64467,70646.1,76937.6,83441.6,90234.1,97396.2,105082,113320,122089,131212,137456,143280,148812,154251,159606,164843,169938,174827,179473,183855,187978,191906,196317,202072,210214,224710,238152,245587,250263,253554,255997,
7300.86,15406.9,24276.8,33803.6,43824.2,54155.2,64638.6,75185.5,85774.8,96419.8,107202,118230,129604,141129,152788,164688,176791,188992,201110,212980,224460,235512,247973,259339,270287,281657,293747,306617,320230,334546,349529,365157,381444,398504,418055,441984,470403,500465,512905,516518,517805,517859,516966,
11025.3,21538.3,31556.3,41182.4,50535.3,59724,68838,77954.9,87142.4,96444.7,105921,115625,125175,134557,143664,152454,160840,168699,175792,182175,188008,193751,205162,216424,227784,239568,251917,264867,278398,292576,307503,323331,340304,358792,379954,405206,434914,461608,467156,469286,473339,478945,485268,
6959.69,13743.4,20429.8,27076.1,33729.4,40428.4,47205.5,54090.3,61109.4,68284.7,75639.3,83195.5,90617.7,97951.2,105093,111957,118461,124514,129939,134809,139279,143746,152918,162284,171905,181884,192292,203158,214485,226352,238872,252204,266589,282386,300365,321604,346648,367449,367029,364297,364221,366388,370246,
5267.61,10520.9,15793.2,21111.4,26499.5,31978.6,37567.7,43284.5,49145.6,55166.3,61361,67743.6,74034.3,80280,86391,92282.2,97881,103110,107823,112084,116026,119986,127934,136143,144637,153465,162680,172311,182371,192937,204123,216087,229062,243400,259763,279134,302090,320467,317646,312678,310353,310169,311514,
4553.68,9137.35,13772.5,18478.2,23271.4,28168.5,33183.7,38331.3,43624.3,49075.8,54697.1,60499.1,66199.7,71862.4,77404.9,82747.6,87827.9,92581.4,96884.2,100802,104459,108150,115465,123061,130951,139165,147752,156745,166159,176073,186600,197901,210212,223896,239602,258274,280364,296215,291568,285698,282439,281214,
4100.85,8243.67,12445.7,16722.8,21089.4,25559.4,30145.4,34859.8,39713.9,44719.3,49886.2,55223.7,60500.8,65761.9,70931.6,75932.5,80702.3,85176.8,89236.3,92934.8,96383.8,99864.9,106692,113805,121209,128927,137001,145460,154323,163671,173614,184309,195983,208986,223914,241695,262919,279318,274607,267864,263730,261661,261026,
1158.41,2396.19,3703.05,5068.39,6481.39,7930.45,9404.33,10891.7,12381.2,13860.9,15320.4,16750.1,18209.9,19674.5,21161.3,22696.4,24300.5,25996.3,27826.8,29789,31864.8,33979.3,35065.1,36056.2,36968.3,37820.4,38605.2,39313.4,39937.1,40455.2,40846.9,41090.3,41165.9,41069,40916.3,41084.7,43127.8,52546.6,63281.1,68931.9,72328.1,74673.3,76414.2,
2005.1,4139.08,6392.65,8755.63,11215,13756.3,16363.9,19021.1,21709.3,24407,27095.6,29756,32488.7,35242.2,38046.6,40951.8,43997.8,47227.9,50722.4,54484.6,58489.7,62615.8,64970.8,67160.7,69226.1,71219.9,73135,74957,76676.5,78263.8,79692.4,80939,81985.5,82831.3,83667,84870.7,87574.5,96495.3,107632,114245,118491,121536,123860,
3642.97,7569.77,11782.3,16278.9,21052.3,26087.2,31363.7,36857.6,42535.2,48353.4,54270.2,60240.6,66427.7,72697,79083.1,85689.3,92592.9,99876.6,107698,116081,125002,134272,140551,146399,151948,157400,162765,168013,173117,178019,182677,187070,191202,195132,199534,205253,213296,227640,241105,248623,253365,256697,259164,
7538.7,15835.3,24849.2,34472.7,44542.6,54876.3,65318.6,75784.5,86257.9,96756.7,107367,118201,129375,140696,152155,163862,175786,187826,199804,211555,222927,233865,246013,257052,267663,278687,290419,302923,316167,330112,344725,359983,375904,392599,411772,435302,463333,493211,505783,509489,510810,510856,509912,
10904.7,21219.6,30986.8,40326,49369.3,58230.5,67002.8,75765.8,84588.2,93516,102606,111915,121084,130092,138840,147294,155372,162955,169815,176001,181662,187236,198210,209017,219907,231214,243080,255539,268577,282255,296675,311992,328444,346401,367030,391760,420989,447433,452793,454583,458249,463452,469367,
6592.85,13010.8,19333.2,25617,31908.3,38244.2,44656.2,51172.5,57818.5,64615,71584.3,78747.9,85790.1,92749.6,99529.7,106052,112242,118011,123193,127856,132145,136436,145182,154101,163262,172774,182708,193097,203945,215327,227356,240191,254070,269352,286821,307571,332161,352633,351911,348768,348221,349882,353190,
4862.17,9722.24,14610.7,19551.6,24566.3,29673.8,34890.9,40233.9,45717.7,51356.1,57162.7,63150.3,69058.5,74927.6,80673.9,86220.5,91500.3,96440.9,100906,104954,108710,112489,120011,127774,135807,144169,152912,162066,171647,181730,192426,203894,216364,230188,246042,264926,287433,305486,302367,296985,294184,293483,294265,
4098.16,8239.28,12441.3,16719.4,21088.1,25560.7,30149.5,34866.9,39724.1,44732.4,49902.1,55243,60525.6,65788.4,70956.4,75956.6,80727.8,85205.7,89269.9,92973.3,96427,99912.9,106747,113841,121211,128896,136943,145382,154232,163570,173505,184193,195865,208866,223831,241723,263149,280007,275729,269229,265279,263371,262873,
3677.68,7413.17,11219.9,15109.9,19094.8,23185.9,27393.5,31728,36199.3,40817.4,45591.2,50528.9,55420.2,60302.2,65105.2,69760,74209.3,78393.7,82202.7,85685.3,88944.1,92240.2,98638.7,105303,112244,119493,127091,135071,143452,152313,161763,171956,183120,195601,210012,227295,248066,264224,259281,252133,247522,244934,243736,
4396.84,8801.27,13205.1,17599.8,21975,26319.2,30620.8,34867.6,39046.6,43145.6,47152.5,51055.8,54845.3,58510.6,62045,65979.6,70968.2,76161.1,81570.5,87193.6,93038.3,99195.9,105643,112420,118913,121857,124725,127491,130136,132635,134961,137082,138967,140606,141876,142710,142968,142480,142047,147398,156029,163162,169016,174037,
5169.69,10383.2,15632.3,20907.6,26196.1,31482.9,36752.2,41987.2,47169.2,52278.2,57296.3,62205.9,66990.1,71620.3,76083.3,81032.9,87277.2,93784.8,100574,107648,115019,122808,130985,139525,147737,151586,155387,159096,162672,166078,169282,172248,174954,177408,179658,181618,183116,184108,185792,193675,203630,211505,217898,223363,
6616.69,13386.5,20305,27363.3,34545.1,41828.9,49189.5,56600.8,64031.1,71444.3,78811.3,86104,93294.4,100295,107069,114493,123653,133195,143153,153536,164373,175828,187834,200017,211603,217217,222658,227855,232756,237369,241719,245842,249786,253638,258148,263112,268157,273537,281378,295875,308703,317949,325257,331425,
9686.93,19702.3,29915.9,40131.8,50119.9,59664.8,68614.2,76912.9,84593.3,91728.4,98452.5,104925,111298,117575,123915,131013,139318,147952,156756,165551,174157,182430,190056,195930,200452,202500,204485,206515,208594,210773,213123,215737,218742,222309,228008,235675,245145,257665,276441,297971,309023,316135,322497,328745,
8431.14,15261.4,20734.6,25110.1,28611.5,31412.1,33645.7,35419.5,36826.3,37936.4,38825,39564.8,40218.3,40789.3,41354.5,41968.1,42585.5,43267.9,43969.3,44642.4,45241.3,45711.6,45989.4,45819.5,45442,45152.8,44837.4,44540.5,44295.4,44158.3,44204,44530.5,45272.2,46619.3,49161.7,53303.7,59806.6,70413.7,87354.5,101011,101983,100838,100174,100318,
1554.13,2548.18,3096.27,3296.93,3257.38,3104.87,2980.69,3000.64,3212.51,3597.63,4109.89,4702.37,5335.36,5976.95,6603.72,7254.15,8001.18,8756.58,9527.03,10319.7,11144.7,12024.2,12970.8,14024.7,15118.9,15841.9,16573.1,17282.3,17940.2,18512.9,18962.1,19242.1,19296.2,19051.8,18344.8,17027.4,14827.6,11281.5,8230.82,17969.3,26182.6,30861.1,34095.6,36608,
425.183,1000.66,1712.79,2542.57,3470.61,4478.01,5547.56,6662.89,7808.18,8969.43,10131.7,11280.4,12402.4,13491.5,14536.1,15640.4,16951,18282.5,19642.1,21034.8,22468.7,23971.1,25550.9,27281.5,28996.1,29955.3,30883.7,31758,32559.2,33260.7,33830.6,34227.2,34399.2,34280.5,33655,32397.4,30249.2,26604.6,21226.3,22589.3,29687.9,35077.9,39085,42254.6,
899.054,1906.15,3004.65,4180.27,5419.05,6707.78,8033.93,9385.24,10749,12114.2,13468.3,14799,16094.9,17353.7,18565.5,19864.8,21433.6,23035.6,24677,26360.7,28093.2,29904.8,31801.5,33867.7,35891.1,36957.5,37978.7,38934.2,39809,40579.8,41216.3,41679.4,41919.4,41874.2,41310.1,40114.2,38045.8,34513.7,29166.6,29363.1,35776.4,41134.9,45275.3,48621.9,
1168.58,2415.31,3728.27,5097.09,6511.13,7959.92,9433.17,10920.5,12410.8,13894.5,15360.5,16797.3,18194.5,19551.8,20860,22272.6,23992.8,25753.4,27560.2,29415.3,31324,33318.7,35403.5,37667.9,39873.9,41002.4,42078.4,43082.8,44002.6,44815.9,45493.6,45997.7,46279.6,46279.6,45755.8,44601.7,42586.7,39134.4,33897,33855.4,40034.4,45380.5,49581.8,53012.7,
5171.95,10385.3,15629.5,20893.6,26163.4,31423.3,36656.4,41845.1,46969.9,52013.4,56957.1,61782.8,66474.5,71028.5,75434.4,80323.5,86485,92895.1,99572,106517,113744,121368,129375,137909,146169,150169,154091,157909,161611,165171,168558,171729,174643,177281,179314,180709,181369,180970,179736,183153,191114,198397,204655,210152,
5915.25,11901.3,17946.3,24037.4,30157,36285.1,42400.3,48480.1,54499.7,60435,66263.1,71961.5,77510.1,82889.6,88085.6,93850.4,101121,108697,116601,124837,133422,142497,152036,162111,171842,176495,181072,185530,189841,193974,197895,201568,204963,208085,210778,212987,214578,215349,215976,222000,231458,239569,246409,252379,
7293.54,14747.4,22349.4,30082.5,37921.5,45835.5,53790.6,61752.6,69684.3,77547.3,85312.4,92954,100450,107733,114779,122558,132268,142396,152972,163999,175497,187634,200332,213297,225542,231062,236280,241151,245657,249833,253726,257384,260865,264263,268098,272197,276226,280282,286075,298467,310970,320555,328376,335117,
10118,20475.4,30908.9,41189.4,51060.8,60292.3,68728.3,76319.2,83110.2,89191,94709.7,99838.3,104742,109461,114175,119687,126578,133808,141216,148609,155801,162653,168855,173485,176667,176540,176214,175806,175346,174903,174555,174395,174537,175133,177271,180811,185665,192901,205804,224311,235696,243382,250246,257060,
7809.7,13779.5,18192,21338.7,23470.3,24787.2,25452.1,25602.8,25365.5,24846.5,24150.1,23369.6,22577.1,21803,21103.7,20626.1,20470.6,20443.5,20512.7,20651.9,20848.9,21114.3,21445.7,21831.3,22293.4,22355.4,22653.5,23179.4,23899.7,24759.6,25690,26607.1,27415,28010.8,28230.6,27898.9,26799.7,24764.7,23387.1,30696.9,39224.8,44853.4,48973.9,52314.3,
795.939,1364.15,2025.73,2928.82,4088.09,5471.42,7039.13,8752.76,10575.9,12476.3,14422.4,16383,18329.6,20246,22109.2,24064.9,26336.2,28657.5,31047.4,33522.4,36104.1,38846.9,41779.9,45059.8,48429.8,50719.9,53046.5,55371.1,57664.2,59882.9,61974.9,63877.3,65516.4,66811.1,67373.5,67118.5,65848.9,62847.9,56903.6,52960.9,56569.8,61084.8,65012.4,68316.8,
1237.6,2695.73,4345.96,6163.95,8125.85,10209,12391.8,14652,16966.6,19314.4,21672,24014.7,26319.9,28584.3,30788.2,33138.1,35925.7,38783.3,41727.4,44770.3,47930.1,51265.7,54801.3,58727.4,62687.1,65180.4,67673.4,70134.7,72545.9,74871.2,77064.5,79067.8,80812.2,82224.4,82865.7,82679.4,81506.1,78648.9,72908.1,68909.2,72253.8,76715.8,80741.5,84235.4,
1745.59,3647.12,5686.91,7849.78,10119.6,12479.8,14913.7,17403.2,19928.6,22471.9,25011.9,27526.2,29994.2,32416.7,34775.7,37308.9,40343.5,43459.7,46673,49993.7,53438.4,57068.4,60904.9,65149.4,69399.5,71983.2,74551.8,77077.2,79545.2,81923.4,84168.1,86223.3,88022.7,89496.4,90188.4,90052.1,88943.4,86183.4,80630.3,76890.7,80346.1,84903.2,89043.2,92669.3,
2016.92,4159,6413.46,8769.11,11213.2,13731.8,16310.6,18933.3,21581.8,24239.7,26887,29502.4,32066.5,34581.9,37031.7,39672.3,42852.3,46121,49493.6,52979.2,56593.5,60399.5,64416.4,68850.7,73274.1,75910.4,78523.9,81088.1,83591,86002,88278.8,90366.6,92200.3,93712.3,94438.6,94337.8,93273.2,90578.4,85156.7,81632.8,85205,89839.7,94052.2,97750.9,
6623.06,13389.5,20283.4,27286.4,34371.4,41506,48654.8,55778.7,62838.6,69805,76646.5,83335.5,89851.2,96230,102465,109330,117807,126592,135712,145168,154977,165277,176057,187763,199144,205246,211145,216867,222498,228099,233718,239379,245078,250806,255472,259126,261844,262949,261159,260204,265800,272774,279468,285641,
7297.69,14748.3,22330.7,30019.6,37780,45571.5,53350.5,61071.4,68690.6,76174.4,83492,90618.8,97538.4,104280,110844,118121,127226,136690,146537,156762,167376,178526,190177,202667,214662,220511,226054,231306,236346,241243,246061,250851,255650,260497,264551,267843,270380,271581,270705,272262,279771,287875,295375,302214,
8522.37,17236,26106.5,35090,44129.3,53159.2,62112.5,70925.1,79541.1,87919.5,96037.5,103889,111482,118830,125952,133954,144154,154812,165931,177482,189447,201958,214876,228116,240203,244429,247888,250640,252817,254593,256141,257628,259213,261061,263075,265188,267200,268808,270513,277664,288622,298519,307268,315175,
10835.6,21730,32440.8,42660.8,52071.1,60405.9,67507.8,73351.6,78029.8,81692.1,84540.4,86793.8,88656.4,90258.7,91812.3,94187.1,98041.2,102189,106463,110664,114595,118121,120959,122614,122781,119097,115079,110890,106660,102528,98636.1,95124.6,92126.2,89753.2,88113.1,86969.6,86017.6,85152.5,85723,93533.4,103478,111775,119359,126866,
6670.95,11135.1,13807.2,15136.3,15569,15541.8,15469.3,15698,16457.4,17831.7,19791.2,22239.4,25053.4,28128.1,31362.2,34883.5,38946.8,43172.1,47587.1,52228.6,57149.3,62450,68208.5,74792.4,81830.7,87838.2,94219.8,100944,108016,115404,123056,130876,138717,146388,152725,157646,161173,162403,158361,148168,144637,145144,146568,147911,
1645.25,3802.35,6456.42,9568.98,13093.3,16982.3,21189.5,25665,30355.8,35214,40184.9,45210.9,50237.8,55269.7,60261.1,65489.5,71391,77408.7,83586.6,89964.4,96593.1,103584,111015,119439,128170,135038,142087,149309,156751,164414,172273,180261,188260,196114,202418,207228,210741,212113,208487,199347,196881,198339,200786,203311,
2867.88,6114.22,9712.52,13640.8,17872.8,22379,27126.6,32076.9,37185.7,42414.1,47714,53034.5,58328,63612.9,68849.5,74378.4,80704.6,87167.5,93807.2,100658,107764,115240,123154,132087,141249,148135,155144,162280,169601,177122,184830,192670,200537,208289,214488,219209,222667,224030,220560,212205,210633,212782,215821,218905,
3389.91,7085.66,11073.7,15341.8,19871.6,24639.3,29616.9,34769.1,40055.3,45440,50877.9,56320.9,61724.7,67113,72448.9,78105.7,84624,91290.7,98144.3,105215,112547,120252,128396,137565,146924,153789,160752,167818,175054,182479,190086,197826,205602,213279,219413,224084,227509,228859,225470,217554,216475,218988,222320,225660,
3659.99,7593.16,11790.6,16243.9,20937.6,25850.4,30955.9,36220.9,41606,47077.5,52591.8,58102.4,63566.7,69010.9,74400.1,80127.2,86754.1,93536.7,100512,107710,115171,123009,131287,140591,150060,156906,163833,170851,178028,185388,192928,200600,208313,215937,222027,226665,230065,231402,228055,220407,219622,222340,225827,229293,
9702.64,19690.1,29773.2,39707,49227.8,58129.2,66306.9,73756,80556.9,86839,92720.5,98315,103732,109217,114858,121107,128388,135823,143330,150810,158162,165324,172219,179560,186131,189995,193069,195504,197525,199299,200963,202638,204447,206516,207702,208633,210020,211402,209524,199791,196147,199145,205316,212872,
10131.6,20461.9,30772.2,40789.4,50231.6,58887.1,66658.3,73554.8,79674.1,85160.1,90146.2,94761,99126.8,103479,107914,113015,119353,125882,132516,139143,145652,151990,158050,164381,169735,171410,172201,172260,171790,170948,169855,168613,167315,166052,164004,161591,159178,156169,150105,140977,140236,144816,151844,160211,
10845.3,21716.8,32329,42345.7,51444.9,59406.1,66151.7,71734.9,76306.3,80059.1,83181.9,85855.6,88247.1,90568.6,92928.9,96076.4,100730,105646,110721,115830,120849,125741,130346,134776,137892,136234,133746,130636,127123,123381,119533,115659,111805,107990,104080,100097,95950.8,91482.2,87536.1,90062.2,96149.4,101146,105767,110849,
11692.9,22652.1,32288.7,40016.6,45435.4,48455.5,49293.8,48363.5,46142.1,43051.1,39431.2,35547.9,31604.4,27771.3,24222.3,21313.2,19186.9,17611.9,16795.5,17179,19476.6,24354.3,31833.1,41128,51828,64931.7,79305.8,94743.3,111129,128433,146680,165944,186327,207934,231351,256773,284519,315251,347643,364344,363945,360670,354621,344070,
4289.07,6575.13,8468.8,11463.6,16203.2,22585.9,30279,38974.9,48458,58601.6,69314.8,80535,92221,104491,117323,130143,142180,153986,165549,176885,187997,198781,209317,220448,231955,247458,262958,278571,294515,310966,328088,346049,365021,385140,405035,425648,448406,473846,499081,507900,507764,510661,514901,518295,
5441.53,12048.5,19673.5,28129.2,37184.4,46617.4,56263,66024.3,75879.4,85868.2,96025.4,106387,116991,128066,139635,151351,162718,173949,185010,195880,206531,216860,226926,237761,248737,262251,275526,288713,302074,315813,330108,345135,361072,378071,394404,411117,429753,450682,470631,474860,473250,476027,480890,485554,
6834.9,14531.2,22981.5,32022.1,41441.8,51037.5,60663.2,70253.5,79808.4,89390.4,99053.6,108851,118836,129251,140132,151249,162249,173163,183948,194569,204989,215109,224974,235630,246315,258820,271015,283055,295213,307693,320677,334340,348859,364390,379162,394212,411071,430009,447604,449841,447587,450169,455044,459905,
7322.14,15403.9,24144.2,33381.7,42907.9,52524.7,62094,71560.3,80933.6,90285.5,99678,109173,118826,128887,139397,150188,160973,171696,182311,192776,203048,213032,222763,233288,243785,255741,267355,278782,290295,302102,314383,327314,341067,355803,369741,383918,399834,417714,434087,435329,432713,435141,439964,444869,
7562.43,15837.7,24724.3,34060.3,43634.5,53250.3,62776.2,72154.6,81405.5,90606.7,99824.5,109123,118564,128399,138673,149251,159887,170476,180967,191317,201476,211353,220976,231389,241743,253358,264610,275659,286779,298174,310026,322506,335789,350034,363467,377112,392454,409698,425375,426090,423209,425501,430266,435183,
8465.63,15279.1,20676.6,24949.5,28350.9,31080.4,33285.5,35079.7,36554.4,37791.5,38851.7,39789.1,40655.5,41563.5,42549.7,43586.1,44629.1,45683.5,46715.7,47690,48568.3,49312,49912.2,50582,51050.4,51305.1,51240.2,50914.9,50412.8,49803,49145.5,48502.7,47942.3,47544,47134.5,47039,47718,49508.4,50956.2,40214.5,22692.3,9395.6,3022.42,3372.62,
7842.24,13798.6,18153.5,21234.7,23332.1,24674.6,25442.5,25785,25832.3,25701.2,25484,25256.7,25079.7,25025,25098.4,25403.5,26058.5,26820.5,27660.2,28553,29484.2,30468.2,31511.7,32713.8,33837.8,34071.5,34243.6,34372.8,34472.4,34539.5,34554.6,34485.8,34291.4,33924.5,33318.4,32445.1,31286.9,30186.4,32015.8,42937.5,51763.1,56651.8,59580.7,61332.2,
6703.75,11173.8,13844.6,15217.5,15785.2,16017,16331.9,17055.4,18377,20343.4,22898.7,25932.9,29321.3,32916.7,36577.5,40504,45064.1,49800.1,54754.1,59973.7,65521.4,71522.7,78020.1,84843.4,91795.6,96771.4,101944,107245,112605,117998,123414,128851,134324,139875,146289,153518,161498,171133,185528,204638,215545,221329,224850,226978,
4573.07,6994.01,8752.52,11392.2,15780.2,21985.1,29731.3,38713.9,48692.8,59491.2,71018.2,83226.5,96086.8,109396,123136,136928,150118,163245,176273,189189,201952,214420,226211,236282,246562,259805,273598,287985,302952,318539,334820,351897,369892,389003,411590,437079,465211,497115,532949,556196,565288,572571,579633,585999,
6930.83,17029.9,28645.2,40907.4,53424.6,66049.3,78746.5,91531.5,104444,117531,130841,144422,158324,172605,187311,200836,211181,220973,230202,238903,247085,254544,261404,267682,274815,290304,306112,322315,338975,356166,373973,392504,411869,432128,453695,476945,502522,531379,562357,578572,581300,586038,593879,604120,
11228.2,22484.6,33517,44299.2,54894.1,65385,75850.5,86357.8,96967.4,107741,118718,129931,141415,153303,165617,176977,185726,193997,201794,209153,216092,222448,228364,234212,240844,254457,268252,282310,296739,311633,327088,343218,360135,377911,396334,415996,437857,462812,489256,500283,499025,500504,505328,512629,
11206.5,21981.2,32262.7,42140.6,51743.6,61191.4,70581.3,79990.1,89482.3,99121.9,108946,118986,129272,139948,151032,161315,169350,176966,184164,190977,197419,203347,208896,214508,220825,233308,245935,258786,271978,285608,299776,314593,330173,346597,363505,381533,401698,424859,449268,458096,455058,454950,458217,463929,
11050.5,21516.1,31391.2,40801.3,49897,58810.1,67645.3,76482.9,85389.2,94429.4,103641,113052,122695,132715,143128,152818,160450,167694,174552,181053,187208,192886,198216,203660,209763,221595,233551,245712,258198,271107,284538,298603,313416,329064,345129,362265,381503,403679,426978,434626,430609,429607,431993,436816,
10932.5,21203.1,30831.9,39961.7,48753.5,57345.6,65846,74337.1,82886.4,91559.4,100394,109418,118663,128276,138272,147591,154964,161970,168610,174909,180879,186392,191576,196899,202853,214267,225793,237513,249546,261992,274951,288533,302853,318000,333531,350103,368755,390304,412902,419814,415187,413631,415483,419778,
1588.5,2615,3198.75,3450.32,3487.4,3440.14,3435.24,3563.69,3857.68,4301.12,4855.84,5481.27,6142.88,6813.22,7465.59,8144.25,8930.7,9724.46,10531.6,11358.8,12214.7,13122.1,14090.7,15136,16186.4,16783.7,17379.4,17954.1,18487.3,18958.3,19345.4,19627.6,19787,19818.2,19777.5,19752,20073.8,22152,30807.4,45968,53110.3,56333.2,58253.7,59571.4,
829.598,1419.12,2090.06,2999.4,4170.58,5574.25,7170.29,8919.79,10784.2,12727.5,14716.1,16718.2,18704.4,20635.8,22485.1,24426.1,26709,29056.5,31489.5,34025.3,36687.1,39532.8,42573.6,45765.2,48971.3,50935.2,52979.4,55062.6,57137.5,59163.8,61106.5,62935.4,64630,66193.3,67838.1,69561.2,71429.5,74143.3,80685.1,94381,103897,109298,112873,115481,
1638.49,3787.64,6446.37,9586.48,13170.2,17157.1,21505.8,26173.5,31109.9,36257.1,41559.5,46957.8,52390,57728.8,62901.3,68305.3,74504.6,80892.2,87524.1,94449.3,101729,109502,117780,126198,134626,140406,146421,152565,158726,164857,170936,176962,182956,188977,196071,204082,212769,222939,237609,257145,268958,275779,280478,284003,
5415.55,12032,19757.8,28459.3,37955,48043.1,58542.4,69333.9,80362.5,91609,103124,114989,127285,139880,152824,166026,179009,192036,205002,217818,230379,242505,253949,263290,272004,283255,294974,307257,320063,333424,347400,362089,377612,394095,414036,437072,462644,491809,525928,552625,563167,570819,578284,585387,
11207.6,22509,33670.3,44644.9,55467,66199.4,76907.8,87656.6,98506.7,109502,120699,132155,143916,155945,168298,179687,188449,196809,204743,212264,219368,225877,231854,236948,242730,255621,268957,282786,297119,311996,327481,343666,360657,378528,398271,420052,444183,471637,501748,517992,519662,522285,527434,534614,
8980.92,17714.1,26275.2,34732,43146.6,51572.4,60055.1,68634.5,77346.9,86224.9,95297.7,104593,114136,123961,134090,143369,150389,157039,163326,169286,174933,180136,184992,189516,194737,205974,217539,229484,241858,254718,268138,282211,297043,312719,329614,348106,368827,392712,418640,429845,427261,426273,428022,431822,
7711.44,15224.8,22615.5,29946,37271,44635.9,52079.1,59633.6,67328.9,75193.1,83248.5,91515.4,100016,108798,117873,126121,132274,138163,143773,149129,154240,159001,163499,167800,173356,183668,194280,205246,216623,228475,240878,253932,267744,282414,298177,315497,335115,357897,381447,387307,383004,380957,381549,384054,
6968.83,13747.8,20411.5,27020.5,33626.9,40273.4,46995.7,53823.4,60783.1,67901,75196.9,82687.9,90392.3,98357.8,106599,114189,120011,125542,130790,135788,140554,144985,149173,153237,157902,167433,177242,187382,197909,208888,220392,232516,245366,259039,273698,289788,308038,329346,352416,360486,355148,351591,350774,351940,
6603.36,13016.8,19315.3,25559.4,31800.1,38079.6,44432.3,50886.7,57468.5,64203,71108.7,78201.8,85499.3,93050.3,100868,108079,113627,118902,123913,128691,133253,137502,141528,145463,149974,159096,168487,178197,188286,198818,209867,221526,233904,247099,261246,276797,294491,315220,337663,345078,339154,335043,333681,334304,
429.112,1001.8,1709.67,2536.45,3463.35,4471.62,5543.42,6661.82,7809.86,8971.28,10131.1,11275.3,12390.7,13459.2,14469.9,15539.5,16824.8,18139.2,19491.2,20886.1,22332.6,23859.4,25466.1,27129.7,28751.7,29577.8,30414,31238.6,32027.4,32758,33409.5,33962.5,34402,34726.8,35033.6,35357.8,35874.8,37495.5,43884.7,57795.8,66206.1,70559,73349.2,75383.1,
1228.53,2678.16,4324.16,6144.13,8115.01,10213.8,12418,14704.8,17049.9,19427.6,21814,24185.9,26520.4,28776.6,30934.6,33238.6,36010.6,38874.6,41848.8,44945.9,48185,51628.4,55275,59039.4,62756.1,64869.5,67066,69303.4,71530.5,73705.3,75792.3,77761.4,79593.3,81294.8,83123.4,85048.5,87084.4,89854.7,96161.7,109581,119397,125215,129209,132233,
2852.08,6090.88,9700.63,13667,17970.9,22589.2,27495.3,32658.6,38039.3,43587.7,49256.9,54996,60749.7,66389.7,71850.4,77601.8,84277.8,91169.8,98328.8,105797,113629,121966,130805,139734,148588,154404,160430,166559,172678,178740,184727,190639,196501,202376,209345,217225,225726,235599,249813,269154,281289,288505,293594,297501,
6812.73,14530.5,23104.6,32425.4,42327.5,52624.1,63151.5,73811.9,84573.9,95440.6,106484,117805,129501,141453,153731,166370,179031,191795,204543,217166,229545,241500,252767,261895,270274,280522,291198,302400,314087,326291,339072,352528,366781,381965,400592,422293,446502,474311,507327,533935,544634,552187,559418,566250,
11180.3,21999.7,32418,42501.8,52351.3,62062.2,71717.5,81390,91145.2,101028,111094,121399,131990,142813,153920,164223,172280,180000,187356,194356,200990,207096,212714,217422,222715,234318,246378,258940,272003,285599,299789,314661,330322,346857,365376,386004,408994,435347,464603,480565,481560,483095,486925,492629,
7611.84,15035.1,22347.8,29609.8,36870.4,44172,51550.5,59037.7,66662.3,74448.1,82420.9,90605.3,99023.5,107684,116610,124806,131048,136991,142634,148008,153126,157873,162325,166414,171118,181118,191469,202218,213399,225062,237274,250126,263723,278162,293950,311426,331149,354071,379223,389927,386539,384366,384686,386884,
5997.75,11942.4,17876.2,23833.3,29844.5,35936.7,42133.3,48455.1,54922.2,61552.6,68363.6,75371.1,82591.1,90044,97744.1,104844,110306,115509,120462,125194,129722,133950,137955,141747,146101,155028,164276,173889,183909,194390,205399,217027,229380,242559,256924,272856,290990,312259,335595,344368,339194,335337,333974,334434,
5270.27,10523.2,15791.2,21101.6,26479.5,31946.9,37523.4,43226.5,49072.6,55077.8,61256.3,67621,74185.5,80973.5,87996.5,94487.6,99508.7,104300,108869,113245,117444,121381,125130,128728,132854,141152,149755,158708,168054,177848,188159,199077,210708,223157,236727,251816,269085,289458,311820,319555,313441,308678,306402,305928,
4866.2,9726.2,14608.9,19539.2,24539.9,29631.1,34830.8,40154.8,45618.3,51236.1,57021.2,62985.1,69140.3,75511.7,82109.8,88217.7,92959.2,97488.5,101814,105964,109952,113703,117284,120748,124716,132606,140792,149318,158228,167579,177438,187895,199057,211034,224096,238652,255374,275179,296935,304048,297371,292068,289255,288244,
890.475,1889.45,2981.77,4153.61,5390.74,6679.24,8005.71,9357.12,10720,12080.9,13427.6,14748.9,16033.7,17263.4,18429.5,19683.4,21217.9,22796.1,24424.8,26107.4,27850.8,29686.3,31608,33578.5,35476.5,36385.8,37303.1,38207.3,39073.1,39878,40601.1,41222.7,41727,42112.1,42483.7,42852.8,43336.2,44693,50226.5,63434.5,72189.9,76948.7,80058,82338.9,
1733.93,3626.8,5664.26,7832.33,10114.9,12494.7,14954,17474.4,20034.8,22612.5,25186.5,27736.4,30241.2,32659.8,34974.4,37464.2,40487.1,43615.9,46867.5,50252.1,53787.1,57536.8,61494.9,65560.9,69546.6,71733.3,73999,76301.6,78589,80819.1,82956.4,84971,86843.7,88582.1,90456.7,92423.2,94468.9,97170,103228,116398,126327,132323,136476,139632,
3374,7063.87,11067.2,15379.2,19988.5,24877.9,30025.7,35405.5,40981.6,46707.3,52539.2,58430,64327.5,70103.9,75696.8,81611.1,88516.1,95651,103065,110795,118895,127507,136620,145806,154872,160690,166699,172794,178862,184857,190764,196586,202348,208114,214975,222735,231084,240741,254641,273807,286063,293428,298638,302638,
7297.93,15399.8,24264.4,33784.7,43800.3,54128.3,64615,75165.6,85760.1,96407.6,107191,118220,129596,141205,153128,165462,177937,190544,203157,215660,227928,239785,250956,259983,268199,277907,288015,298626,309698,321262,333382,346154,359700,374161,392039,412971,436395,463418,495773,522189,532897,540351,547412,554054,
11023.2,21533.5,31547.2,41166.6,50513.4,59695.1,68801.6,77909.4,87085.6,96375,105835,115520,125477,135646,146080,155788,163439,170789,177811,184505,190862,196728,202132,206626,211652,222554,233913,245770,258121,270997,284456,298587,313496,329275,347075,367009,389313,415000,443708,459387,459975,460928,464087,469076,
6959.69,13743.4,20429.8,27076.1,33729.4,40428.4,47205.5,54089.5,61106.8,68278.8,75629.1,83180.5,90953.9,98950.1,107190,114776,120595,126142,131420,136458,141268,145743,149952,153796,158210,167511,177168,187222,197705,208662,220160,232288,245152,258851,273946,290753,309812,332089,356718,367193,363330,360492,360065,361474,
5267.61,10520.9,15793.2,21111.4,26499.5,31978.6,37567.7,43283.8,49143.4,55161.3,61352.6,67731.6,74312.4,81107,88128.3,94616.6,99635.3,104429,109005,113390,117600,121549,125303,128845,132906,141142,149704,158633,167966,177754,188062,198980,210616,223075,236765,252054,269554,290209,313037,321509,315869,311367,309269,308946,
4515.01,9058.01,13650.6,18311.4,23057.8,27905.5,32869.2,37962.1,43197.2,48587,54143.2,59877.2,65800.7,71928.7,78271.5,84148.5,88722,93098.4,97285.5,101310,105186,108840,112334,115677,119507,127114,135032,143302,151963,161067,170679,180889,191804,203537,216435,230885,247525,267291,289157,296613,290051,284654,281649,280397,
4099.54,8240.87,12441.4,16716.7,21081.5,25549.5,30133.4,34844.8,39695.2,44695.8,49857.2,55189.1,60701.9,66412.3,72329.2,77821.5,82113,86225.2,90166.1,93961.2,97624.8,101088,104413,107620,111290,118489,125991,133834,142061,150721,159883,169634,180082,191343,203736,217656,233751,252954,274224,281078,273971,268045,264514,262731,
1158.9,2397.36,3704.92,5071.37,6485.47,7935.86,9411.27,10900.5,12391.9,13873.1,15333.5,16763.1,18151.9,19481.2,20743.6,22110.8,23797.7,25536.4,27333.5,29190.9,31114.7,33137.8,35251.5,37411.2,39480.4,40441.8,41408.6,42359.7,43269.8,44116.1,44877.8,45534.6,46070.4,46482.8,46879.5,47257.5,47699.4,48880.2,53907.6,66638.1,75492.5,80400.3,83614.4,85968,
2005.1,4139.08,6392.65,8755.63,11215,13756.3,16363.9,19021.1,21709,24405.8,27092.3,29749.3,32356.9,34874,37283.9,39886,43060.1,46348.3,49766.8,53324.5,57037.7,60972.5,65119.5,69371,73523.1,75756.4,78064.9,80406.4,82728.7,84989.9,87154.6,89192.6,91085.2,92840,94731.9,96708.2,98737.8,101362,107212,120160,130093,136128,140304,143472,
3644.38,7572.68,11787.5,16287.9,21065.3,26105.3,31388.2,36889.6,42575.5,48401.1,54324.9,60301.1,66279.5,72133.1,77800.9,83808.3,90845.8,98121.4,105683,113566,121822,130595,139868,149207,158398,164214,170207,176274,182303,188251,194101,199860,205552,211244,218026,225694,233925,243416,257074,276074,288340,295722,300927,304903,
7538.7,15835.3,24849.2,34472.7,44542.6,54876.3,65318.5,75783.8,86254.7,96748.2,107349,118170,129319,140689,152362,164473,176793,189260,201745,214128,226278,238019,249073,257990,266066,275453,285228,295491,306201,317391,329123,341492,354623,368657,386078,406523,429439,455945,487849,514202,524907,532269,539201,545687,
10907.1,21226.3,30999.5,40346.9,49397.8,58267.1,67048.4,75820.5,84651,93583.7,102678,111990,121563,131338,141366,150708,158096,165210,172017,178518,184697,190410,195677,200036,204896,215367,226290,237708,249615,262041,275042,288708,303146,318453,335795,355286,377153,402427,430795,446236,446626,447321,450163,454777,
6592.85,13010.8,19333.2,25617,31908.3,38244.2,44656.2,51171.6,57815.9,64609,71573.7,78732.2,86104.7,93688,101503,108706,114248,119540,124583,129404,134014,138313,142362,146051,150281,159145,168364,177978,188017,198526,209568,221234,233629,246858,261500,277866,296490,318352,342648,352944,348853,345709,344929,345926,
4862.17,9722.24,14610.7,19551.6,24566.3,29673.8,34890.9,40233.1,45715.4,51351,57153.8,63137.6,69315.5,75695.5,82290,88392.7,93129.6,97661.9,101996,106159,110163,113929,117519,120900,124773,132573,140698,149188,158080,167421,177277,187736,198906,210897,224139,238992,256062,276309,298813,307119,301260,296458,294009,293277,
4098.16,8239.28,12441.3,16719.4,21088.1,25560.7,30149.5,34866.2,39722,44727.6,49894,55231.6,60751,66463.4,72378.4,77868.4,82157.8,86270.3,90213.4,94012.1,97680.1,101149,104476,107657,111297,118467,125949,133781,142001,150658,159819,169571,180023,191289,203739,217756,233969,253330,274880,282184,275417,269729,266380,264722,
3679.07,7416.09,11224.5,15116.4,19103.4,23196.5,27406.3,31742.6,36215.2,40833.5,45606.9,50544.7,55656.1,60953.5,66445.8,71550.1,75549.7,79393.1,83086.4,86653.1,90106.7,93385.2,96542.7,99586.7,103068,109833,116901,124310,132099,140317,149031,158329,168320,179123,191077,204576,220261,239078,260029,266652,259347,253154,249294,247119,
4396.84,8801.27,13205.1,17599.8,21975,26319.2,30620.8,34867.6,39046.6,43145.6,47152.7,51056.7,54847.3,58514.3,62050.4,65454.1,68740.7,71906.2,75110.8,81492.2,87815.2,94183.2,100669,107322,114244,121504,129117,132943,135388,137760,140018,142134,144073,145788,147205,148194,148715,148669,148000,148361,155462,164367,171701,177794,183063,
5169.69,10383.2,15632.3,20907.6,26196.1,31482.9,36752.2,41987.2,47169.2,52278.2,57296.5,62206.5,66991.4,71622.3,76085.6,80383.6,84534.8,88532.4,92571.2,100510,108389,116343,124514,132817,141429,150513,160122,165092,168385,171621,174759,177755,180558,183119,185389,187425,189131,190429,191448,194250,203829,214068,222253,229016,234862,
6613.5,13379.5,20293.5,27345.9,34521,41796.6,49148.9,56549.5,63968.5,71369.4,78723.6,86002.6,93177.3,100161,106916,113455,119794,125909,132043,143377,154639,166037,177952,189746,201821,214606,228204,235470,240283,244786,248971,252818,256310,259483,262468,266103,270060,274257,279319,288232,303465,316239,325950,333983,341001,
9686.93,19702.3,29915.9,40131.8,50119.9,59664.8,68614.2,76912.9,84593.3,91728.4,98452.2,104923,111292,117561,123888,130542,137702,145475,154028,165512,177105,188684,200737,210941,219691,227642,234918,238818,241256,243374,245492,247678,249919,252316,255196,260414,267215,275626,287239,305215,322798,330955,335862,340248,344940,
8431.14,15261.4,20734.6,25110.1,28611.5,31412.1,33645.7,35419.5,36826.3,37936.4,38824.2,39561.4,40208.7,40768.8,41318.4,41971,42804.6,43890,45282.3,46604,48070.9,49564.2,51144.5,52185,52818.3,53232.7,53467.8,53864.1,54237.9,54547.6,54903.3,55378,56055.9,57083.2,58719.5,61684.9,66295,73409.6,84828.7,101480,110576,109383,106731,104529,103013,
1554.13,2548.18,3096.27,3296.93,3257.38,3104.87,2980.69,3000.64,3212.51,3597.63,4110,4702.81,5336.85,5980.47,6610.32,7205.5,7749.06,8223.63,8631.64,9329.64,9967.91,10574.5,11165.2,11793.2,12482.8,13248.8,14109.2,14658.9,15115.7,15577.9,16000.6,16339.6,16543,16542.4,16237.8,15444.7,13994.6,11557.4,7851.62,8974.28,21334.4,28579.6,32893.2,36017.2,38529.6,
425.151,1000.58,1712.66,2542.14,3469.62,4476.45,5545.45,6660.22,7804.97,8965.44,10127.3,11276.7,12400.4,13493.2,14543,15534.9,16460.9,17310.8,18112.2,19565.7,20957.9,22322.2,23653.7,25076.5,26591.6,28178.4,29835.9,30746.4,31389.5,32002.8,32542,32972.2,33253.3,33322.7,33076.6,32272,30785.8,28284.7,24109.2,19224.3,23716,31243.5,36800.4,41013.3,44410.7,
899.054,1906.15,3004.65,4180.27,5419.05,6707.78,8033.93,9385.24,10749,12114.2,13468.7,14800.6,16099.1,17362.2,18580,19737.2,20828.3,21844.6,22824.7,24646.4,26407.7,28144.3,29844.6,31656.6,33575.7,35570.6,37633,38720.9,39452.8,40141.9,40744.4,41229.1,41560.2,41677.9,41479,40700.7,39244.3,36800.4,32725.8,27627.1,30509.9,37481.2,43074.2,47452.6,51039.9,
1167.95,2413.84,3725.75,5093.12,6505.51,7952.25,9423.23,10907.9,12395.4,13876.3,15339.4,16774.1,18170.2,19528.3,20838.6,22086.6,23268,24374.9,25452.1,27483.8,29454.7,31402.2,33312.5,35344.1,37490.4,39715.6,42008.8,43193.4,43970.9,44698.5,45332.9,45844.5,46200,46340.4,46163.3,45397.1,43953.4,41534.1,37517,32498.6,35082.6,41840.2,47419.5,51848.3,55505.2,
5171.95,10385.3,15629.5,20893.6,26163.4,31423.3,36656.4,41845.1,46969.9,52013.4,56957.4,61783.9,66477.2,71033.7,75442.7,79691.8,83794.6,87743.9,91732.8,99563.8,107329,115160,123100,131379,140081,149230,158831,163900,167350,170760,174071,177253,180279,183092,185579,187381,188548,188984,188391,187735,193120,201664,209338,215993,221883,
5912.44,11895.2,17936.5,24022.9,30137.3,36259.1,42367.5,48439.5,54450.8,60377.5,66196.9,71886.6,77426.5,82798,87985.7,92984.4,97813.2,102463,107162,116407,125586,134856,144330,154096,164310,175081,186447,192423,196459,200440,204304,208014,211528,214791,217723,220156,222082,223423,224077,225552,233482,243405,251902,259172,265584,
7293.54,14747.4,22349.4,30082.5,37921.5,45835.5,53790.6,61752.6,69684.3,77547.3,85312.5,92954.2,100450,107733,114777,121596,128215,134616,141076,153315,165492,177819,190629,203451,216640,230544,245215,252737,257439,261721,265572,268999,272014,274669,277068,279813,282658,285518,288787,295034,308057,320294,330039,338297,345639,
10113.4,20465.9,30894.9,41172.8,51045.5,60284.9,68737.5,76351.2,83170.4,89283.5,94838.8,100006,104954,109714,114472,119497,124995,131103,138065,148704,159489,170266,181383,190831,198888,206078,212478,214549,214740,214472,214037,213516,212921,212348,212067,213447,215902,219490,225626,237849,252730,260493,265120,269071,273222,
7809.7,13779.5,18192,21338.7,23470.3,24787.2,25452.1,25602.8,25365.5,24846.5,24149.6,23367.2,22570.5,21789.3,21080.1,20494.7,20052.4,19751.4,19614.6,20140.4,20673.4,21183.1,21690.6,22012.9,22242.3,22491.3,22824.8,22675.5,22466.1,22440,22616.7,22974.2,23458.7,23989.9,24457.7,24705.3,24522.1,23708.3,22415.5,23985.8,33883.7,41947.2,47265.2,51230.4,54451.9,
795.939,1364.15,2025.73,2928.82,4088.09,5471.42,7039.13,8752.76,10575.9,12476.3,14422.8,16384.6,18334,20255.2,22125.2,23912.9,25599.4,27163.6,28642.7,31108.6,33502.7,35889.7,38263.2,40871.9,43725.6,46796.4,50098.5,52355.8,54313.4,56350.1,58395.5,60400.5,62313.9,64052.8,65472,66139.1,66006,64761.7,61533.1,55584.8,54215.9,59093,64352.1,68951.4,72904.5,
1237.6,2695.73,4345.96,6163.95,8125.85,10209,12391.8,14652,16966.6,19314.4,21672.4,24016.4,26324.7,28594.1,30805.3,32926.8,34945.2,36843.9,38683.7,41882.5,45009.7,48133.4,51224.2,54603.1,58257.2,62123.7,66198.3,68789.4,70906.6,73070.2,75210.3,77287.4,79261.8,81057.2,82526.4,83180.3,83026.1,81794.2,78633.2,72794.5,71162.9,75696.2,80842.5,85472.3,89536.3,
1745.59,3647.12,5686.91,7849.78,10119.6,12479.8,14913.7,17403.2,19928.6,22471.9,25012.3,27527.9,29998.9,32426.5,34792.6,37066.4,39236.8,41289,43294.8,46848.3,50330.4,53811.6,57255.9,61007.4,65047.9,69303.9,73763.9,76514.8,78703.7,80925.3,83110.4,85223.4,87229.4,89054.8,90552.6,91214.3,91068.2,89864,86775.6,81123.1,79685.5,84273.9,89472.1,94171.7,98319.3,
2016.92,4159,6413.46,8769.11,11213.2,13731.8,16310.6,18933.3,21581.8,24239.7,26887.4,29504.2,32071.2,34591.6,37048.3,39411,41669.9,43811,45912.5,49674.4,53364.9,57056.3,60710.1,64680.7,68948,73434.3,78124.9,80970.6,83201.8,85458.2,87671.3,89807.5,91834.3,93679.7,95197,95869.4,95735.2,94554.7,91519.2,86005.7,84751,89418.3,94665,99408.6,103600,
6623.06,13389.5,20283.4,27286.4,34371.4,41506,48654.8,55778.7,62838.6,69805,76646.9,83337.1,89855.4,96238.7,102480,108539,114420,120107,125834,136412,146902,157483,168061,179458,191635,204393,217627,225235,230825,236327,241650,246827,251948,257043,262010,265784,268813,271136,271912,270154,271498,278603,286746,294597,301912,
7297.69,14748.3,22330.7,30019.6,37780,45571.5,53350.5,61071.4,68690.6,76174.4,83492.4,90620.2,97542,104288,110856,117223,123409,129402,135474,147042,158535,170141,181825,194235,207390,221164,235453,243186,248465,253503,258211,262618,266808,270828,274625,277393,279523,281070,281397,280248,283585,291967,300782,309087,316795,
8522.37,17236,26106.5,35090,44129.3,53159.2,62112.5,70925.1,79541.1,87919.5,96037.8,103890,111484,118834,125957,132882,139660,146292,153105,166485,179824,193320,207114,221249,235882,251055,266600,273677,277163,279754,281462,282406,282755,282682,282339,281723,280977,280138,279090,279107,285869,295650,304771,313192,321123,
10835.6,21730,32440.8,42660.8,52071.1,60405.9,67507.8,73351.6,78029.8,81692.1,84540.3,86793.1,88654.1,90252.8,91800.4,93554.1,95734.4,98512.6,102217,110115,118206,126271,134335,141160,146769,151340,154818,153155,149230,144642,139636,134351,128908,123454,118181,113499,109203,105259,102004,101843,108779,115609,120795,125344,129823,
6670.95,11135.1,13807.2,15136.3,15569,15541.8,15469.3,15698,16457.4,17831.7,19791.5,22240.7,25057.6,28137.6,31379.8,34669.8,37908.7,40996.4,43919.4,48124.5,52223.5,56363.3,60542.4,65327.3,70764,76810.9,83509.6,89278.1,95099.7,101467,108290,115544,123236,131316,139596,146965,153568,159164,162380,159632,152963,153047,156419,160489,164377,
1645.25,3802.35,6456.42,9568.98,13093.3,16982.3,21189.5,25665,30355.8,35214,40185.4,45213.1,50243.8,55282.6,60284.3,65159.5,69855.8,74320.2,78624.7,84970.6,91198.8,97459.1,103616,110635,118411,126705,135477,142383,148926,155859,163074,170573,178408,186552,194804,201775,207876,213042,215964,213280,207443,208307,212302,216987,221549,
2867.88,6114.22,9712.52,13640.8,17872.8,22379,27126.6,32076.9,37185.7,42414.1,47714.5,53036.6,58333.9,63625.6,68872.3,73986.7,78924.1,83637.6,88224,95230.4,102121,109045,115843,123547,132027,141010,150433,157525,164052,170909,177988,185304,192919,200820,208810,215461,221235,226101,228783,226122,220986,222567,227093,232216,237176,
3389.91,7085.66,11073.7,15341.8,19871.6,24639.3,29616.9,34769.1,40055.3,45440,50878.3,56323,61730.6,67125.5,72471.3,77682.7,82718.6,87534.8,92239.8,99556.4,106758,113995,121102,129126,137934,147243,156979,164141,170633,177425,184410,191607,199086,206837,214667,221142,226740,231444,233993,231348,226608,228580,233387,238727,243873,
3659.99,7593.16,11790.6,16243.9,20937.6,25850.4,30955.9,36220.9,41606,47077.5,52592.3,58104.5,63572.5,69023.3,74422.3,79685.5,84774.2,89645.5,94414.7,101909,109290,116707,123993,132202,141198,150693,160611,167809,174273,181019,187941,195060,202449,210102,217828,224192,229680,234279,236739,234097,229593,231795,236753,242202,247433,
9698.36,19680.9,29759.5,39690.2,49211.2,58118.2,66304,73769.3,80589.5,86891.7,92797.2,98418.3,103867,109387,115072,120907,126958,133282,140063,149727,159386,168997,177940,187870,198122,207721,216117,221198,224658,227320,229187,230458,231395,232132,232601,231411,229691,227904,225047,217074,203684,197546,196953,199378,203864,
10131.6,20461.9,30772.2,40789.4,50231.6,58887.1,66658.3,73554.8,79674.1,85160.1,90146.7,94763.3,99133.1,103493,107938,112488,117231,122247,127781,136905,146052,155160,163686,172945,182361,191096,198642,201804,202848,202935,202098,200532,198466,196015,193123,188766,183760,178309,171398,160282,148501,144879,145380,147825,151679,
10845.3,21716.8,32329,42345.7,51444.9,59406.1,66151.7,71734.9,76306.3,80059.1,83182.3,85857.5,88252,90578.5,92945.8,95419.9,98109.1,101102,104682,112624,120625,128605,136246,144040,151623,158461,164138,163994,161088,157116,152272,146815,140974,134879,128567,121848,114958,107888,100489,94255.7,95985.4,101129,105286,108508,111208,
11688.2,22644.7,32283,40023,45463.6,48514,49388.4,48500.3,46323.8,43271.4,39687.8,35841.6,31934,28135.3,24618.2,21587.2,19281.3,17958.5,17824.3,19153.2,20968.6,23092.7,25618.6,28449.6,31911.4,36576.7,42948.1,51869.3,63250.9,76524.6,91390,107639,125172,144024,164392,187013,212025,239888,271421,304044,320281,325773,331487,338061,344398,
4289.07,6575.13,8468.8,11463.6,16203.2,22585.9,30279,38974.9,48458,58601.6,69315,80536.4,92225.3,104501,117342,130595,144133,157838,171396,181408,191300,201139,210362,221044,232408,243402,253527,267673,283467,299401,315430,331751,348667,366399,384994,402936,421799,442756,465922,486585,490804,491768,497305,506190,516935,
5438.35,12040.3,19659,28106.5,37154.2,46581.5,56221.2,65982.5,75839.6,85831.1,95992.6,106360,116972,128055,139637,151581,163810,176257,188739,199301,209780,220196,229809,241055,253014,264437,274737,287398,300966,314434,327758,341164,354998,369489,384633,398505,412901,429051,446792,461056,460238,458867,462882,470548,480342,
6834.58,14530.5,22980.6,32020.9,41440,51035.4,60661.3,70252.3,79808,89390.9,99056.4,108857,118848,129270,140163,151404,162932,174696,186570,197280,207908,218469,228200,239554,251607,263096,273415,285330,297826,310142,322236,334341,346806,359859,373478,385685,398284,412476,427990,439707,436995,434666,437946,444935,454115,
7321.8,15403.3,24143.2,33380.5,42906.2,52522.9,62092.8,71560,80934.3,90288.6,99683.6,109180,118840,128909,139431,150291,161438,172829,184362,195108,205773,216369,226131,237498,249552,261034,271333,282834,294752,306449,317887,329298,341034,353317,366122,377459,389123,402287,416626,426999,423304,420458,423318,429902,438702,
7562.43,15837.7,24724.3,34060.3,43634.5,53250.3,62776.2,72154.6,81405.5,90606.7,99824.9,109125,118570,128413,138699,149317,160224,171384,182710,193453,204118,214712,224469,235810,247823,259255,269494,280727,292288,303607,314645,325641,336943,348768,361088,371917,383034,395597,409265,418959,414754,411523,414058,420343,428873,
8465.61,15279.1,20676.7,24951.4,28355.9,31088.1,33295.7,35092.3,36569.2,37809.4,38872.9,39813.7,40686.8,41605,42606.3,43688.5,44886.1,46251.3,47837.5,49501,51253.6,52995.2,54459.9,56172.7,57839,59125.1,59892.2,60497.2,60846.4,60884.5,60636,60188.1,59652.4,59120.5,58655.8,58039.3,57766.2,58263.1,59584.1,58571.2,43844.5,25677.3,11720.6,4990.04,5453.74,
7844.13,13805,18166.1,21256.4,23363.1,24715.1,25492.8,25845.4,25903.1,25780.3,25570.3,25350.7,25182.2,25137.8,25224,25419.6,25718.7,26115.8,26646.2,28032,29412.7,30761.7,31986.3,33304.8,34610.8,35782.1,36784.1,36776.3,36320.8,35732.1,35027.2,34237.1,33377.5,32434.2,31364,30097.4,28667.2,27146.6,26312.7,30821.7,43948.3,53307.3,59144.1,63213.5,66225.1,
6701.8,11167.1,13831.9,15197.1,15760.6,15991.5,16308.8,17041.3,18377.4,20362.2,22938.7,25996.3,29409.4,33028,36711.4,40351.7,43862.9,47160.9,50270.5,55108,59855.2,64669.1,69811.7,75020.7,80542.3,86660.5,93515,98431.1,102757,107240,111862,116609,121466,126477,131786,138255,145796,154684,166307,184163,204575,216892,224861,230827,235544,
4305.02,6609.06,8578.84,11756.2,16811.6,23654.2,31952.1,41392.2,51749.2,62861.6,74651.2,87087.5,100162,113707,127694,142186,157120,172350,187458,198923,210299,221702,233912,244620,254355,263812,273056,285641,299573,313850,328793,344475,360870,378105,396625,418958,444123,471919,503589,538698,561188,571326,580284,590080,600699,
6930.83,17029.9,28645.2,40907.4,53424.6,66049.3,78746.5,91531.5,104444,117531,130840,144420,158319,172595,187297,202452,218042,234109,250156,255913,262237,268708,275027,281181,286873,291921,296347,309637,326276,343302,360817,378915,397705,417332,438017,460201,484180,510444,539689,568732,580344,582817,587277,594317,603364,
11231.1,22492,33530.6,44321.4,54925.7,65427.9,75904.8,86425.3,97048.8,107837,118828,130056,141557,153461,165794,178505,191552,204968,218347,223315,228746,234304,239493,245148,250705,255649,259890,271565,286079,300911,316105,331777,348089,365199,383253,402015,422231,444651,469809,493926,500316,499053,500473,504709,511002,
11206.5,21981.2,32262.7,42140.6,51743.6,61191.4,70581.3,79990.1,89482.3,99121.9,108946,118985,129271,139946,151031,162463,174201,186270,198327,203131,208322,213614,218493,223957,229412,234289,238472,249221,262500,276072,289965,304301,319251,334974,351597,368727,387205,407832,431092,453141,457545,454575,454457,457203,462007,
11053.2,21523.5,31404.7,40823.1,49927.6,58851,67696.2,76545.4,85463.6,94516.3,103740,113164,122821,132855,143286,154048,165101,176471,187841,192534,197584,202725,207442,212783,218151,222960,227084,237322,249925,262805,275988,289592,303795,318757,334595,350860,368428,388117,410367,431189,434305,430419,429484,431434,435440,
10932.5,21203.1,30831.9,39961.7,48753.5,57345.6,65846,74337.1,82886.4,91559.4,100393,109417,118663,128275,138274,148591,159191,170096,181011,185625,190573,195604,200207,205449,210734,215475,219540,229428,241575,253989,266691,279805,293506,307954,323262,338953,355915,374970,396552,416721,419270,414784,413289,414705,418194,
1588.55,2615.06,3198.81,3450.35,3487.82,3441.06,3436.16,3564.14,3857.39,4299.9,4854.01,5479.71,6142.5,6814.82,7469.47,8083.97,8643.28,9133.36,9562.56,10332.8,11044.2,11720.9,12382.7,13057,13761.7,14514.4,15336.5,15750,16027.3,16307.3,16570.7,16800.8,16978.8,17091.9,17149.3,17252.5,17597.7,18859.9,23334.3,35998.9,50445.4,56787.2,59998.9,62125.8,63734.1,
829.598,1419.12,2090.06,2999.4,4170.58,5574.25,7170.29,8919.79,10784.2,12727.5,14716.2,16718.3,18704.2,20634.4,22481.2,24228.8,25866.8,27378.8,28809,31315,33759.2,36208.9,38766.9,41329.7,44010.7,46937.9,50186,52226.6,53901.7,55669.9,57506.2,59372.1,61222.5,63028.9,64798,66771.2,68934.2,71518.2,75632,85068.6,99898.7,109474,115373,119572,122829,
1637.1,3783.78,6438.92,9573.43,13150.2,17127.9,21466.3,26120.5,31041.5,36172.6,41455.9,46832.7,52238.7,57548.9,62687.6,67633.1,72358.1,76815.5,81097.6,87815.8,94445.1,101157,108340,115314,122489,130351,139106,145199,150452,155860,161400,167013,172640,178304,184172,191383,199629,209024,220863,238601,259028,271751,280221,286745,292096,
5412.37,12023.9,19743.2,28436.1,37923.7,48005,58503.8,69295.7,80327.8,91580.1,103103,114975,127277,139871,152810,166266,180260,194724,209378,221911,234421,246928,260269,271600,281567,291055,300208,311249,323014,334984,347534,360732,374531,389052,404763,424485,447037,472114,501094,534442,557400,567844,576393,585390,595036,
11208.1,22510.1,33672,44647.3,55471.2,66206.3,76917.5,87668.9,98521.5,109519,120719,132175,143935,155961,168309,181075,194269,207939,221663,226777,232398,238158,244049,249196,253675,257709,261424,272655,286770,301333,316489,332301,348815,366160,384613,405250,427958,453012,481236,510022,521957,523592,526282,531030,537436,
8980.92,17714.1,26275.2,34732,43146.6,51572.4,60055.1,68634.5,77346.9,86224.9,95297.1,104591,114131,123951,134076,144517,155252,166305,177317,181038,185200,189519,193800,198038,202039,205692,209020,218724,230926,243539,256645,270322,284667,299814,315969,333541,352856,374444,399004,423426,430547,428278,427688,429399,432821,
7615.16,15030.2,22320.1,29547.2,36765.6,44020.9,51351,58788,66361.2,74098.5,82021.5,90150.2,98504.2,107128,116040,125234,134683,144407,154094,157489,161263,165180,169019,172967,176788,180308,183523,192341,203386,214828,226730,239175,252268,266148,281000,297069,314790,334755,357619,380137,385279,381339,379221,379436,381350,
6972.2,13755,20422.8,27036.8,33648.3,40300.8,47029.1,53863.6,60830.4,67955.7,75258.7,82756.7,90467.5,98438.7,106687,115198,123948,132954,141930,145142,148705,152404,156015,159790,163482,166898,170023,178332,188719,199491,210708,222453,234836,247995,262108,277361,294229,313330,335288,356728,360684,355844,352900,352299,353392,
6603.36,13016.8,19315.3,25559.4,31800.1,38079.6,44432.3,50886.7,57468.5,64203,71108.2,78200.1,85495.4,93043.6,100859,108927,117224,125764,134280,137385,140820,144383,147853,151512,155111,158448,161507,169474,179420,189745,200504,211779,223684,236356,249968,264673,280964,299469,320812,341672,345148,339750,336263,335139,335724,
428.715,1000.68,1707.52,2532.75,3457.83,4463.77,5533.04,6648.37,7793.11,8951.01,10107.3,11247.7,12358.7,13422.5,14427,15366.9,16238.9,17035.3,17785.7,19213.5,20585.3,21936.6,23316.9,24674.8,26066.8,27553.8,29168.2,30004.1,30577.8,31163.1,31743.5,32297.2,32799.1,33232.7,33602.9,34039.9,34613.9,35697,38762.5,48328,62567.5,70380.3,74721.8,77658,79878.9,
1228.53,2678.16,4324.16,6144.13,8115.01,10213.8,12418,14704.8,17049.9,19427.6,21814.1,24185.7,26519.4,28773.7,30928,32978.5,34923.6,36750.9,38526.2,41741.5,44898.4,48068.4,51380.5,54643.4,58003,61626.9,65598.6,67952.7,69789.6,71711.1,73697.7,75707.7,77690.2,79613.6,81487.4,83602.5,85890.9,88524.1,92502.7,101440,115993,125827,132048,136543,140069,
2850.42,6086.74,9693.13,13654.4,17951.9,22561.7,27458.3,32609,37975.3,43508.7,49160,54878.7,60607.8,66220.7,71649.2,76884.5,81908.3,86678.5,91309.2,98748.8,106102,113541,121481,129145,136974,145489,154898,161202,166478,171867,177350,182867,188355,193834,199476,206465,214438,223466,234780,251845,272031,284937,293635,300373,305922,
6812.73,14530.5,23104.6,32425.4,42327.5,52624.1,63151.5,73811.9,84573.9,95440.6,106483,117802,129492,141433,153695,166477,179827,193703,207888,220702,233504,246289,259883,271372,281409,290902,300016,310342,321119,332052,343522,355591,368212,381505,395934,414330,435494,459130,486658,518912,541826,552167,560327,568776,577800,
11180.3,21999.7,32418,42501.8,52351.3,62062.2,71717.5,81390,91145.2,101028,111093,121396,131982,142797,153894,165384,177285,189639,202085,207054,212462,217985,223695,228551,232720,236509,240066,250284,263085,276334,290186,304694,319895,335913,353037,372470,394028,417953,445137,473285,485089,486061,487723,491253,496328,
7612.37,15036.2,22349.4,29611.9,36873.4,44176.5,51556.4,59044.9,66670.9,74458.4,82432.3,90616.5,99032.9,107690,116611,125821,135302,145079,154834,158241,162041,165987,169972,173803,177385,180706,183811,192535,203495,214879,226776,239258,252405,266349,281311,297845,316197,336863,360592,384413,391099,388105,386467,386934,388994,
6000.62,11948.5,17885.7,23846.9,29862.5,35959.6,42161.2,48488.8,54961.8,61598.5,68415.4,75428.3,82652.7,90108.8,97812.6,105769,113959,122398,130816,133846,137210,140710,144211,147716,151087,154246,157215,165052,174863,185086,195793,207057,218971,231667,245346,260402,277187,296262,318331,340293,345043,340393,337225,336189,336727,
5272.74,10528.4,15799.4,21113.3,26494.8,31966.4,37547.2,43255.1,49106.3,55116.8,61300.1,67669.2,74237.2,81027.6,88053.6,95314.5,102791,110495,118185,121019,124155,127420,130677,133992,137220,140264,143134,150453,159597,169145,179161,189720,200917,212888,225823,240055,255976,274174,295333,316307,320061,314526,310516,308646,308349,
4868.46,9730.95,14616.4,19549.9,24553.8,29648.8,34852.4,40180.8,45648.8,51271.5,57061,63028.8,69186.9,75560.3,82161.1,88985.9,96015.8,103263,110500,113209,116203,119322,122427,125619,128747,131706,134504,141487,150203,159315,168887,178991,189727,201228,213682,227391,242765,260405,280989,301355,304517,298457,293947,291589,290809,
889.919,1888.1,2979.39,4149.75,5385.17,6671.51,7995.62,9344.19,10704,12061.9,13405.3,14723,16003.6,17228.5,18388.3,19481.7,20509.2,21464.3,22387.6,24176.5,25911.7,27630.4,29392.7,31116.7,32870.4,34728.7,36726.4,37726.2,38381.6,39041,39690.8,40308.4,40865.6,41342.5,41741,42196.5,42735.9,43641.7,46158.4,54527.5,68343.6,76578.4,81315.4,84538.9,86965.1,
1732.95,3624.47,5660.2,7825.78,10105.4,12481.4,14936.5,17451.6,20006.4,22577.8,25145.2,27687.8,30183.9,32592.9,34895.7,37093,39187,41166.5,43108,46677.9,50189.3,53717,57398.7,61013.2,64717.9,68693,73023.7,75517,77409,79375.8,81399.5,83438.3,85439.9,87371.4,89241.2,91354.4,93620.5,96184.1,99994,108600,122910,132799,139128,143712,147300,
3374,7063.87,11067.2,15379.2,19988.5,24877.9,30025.7,35405.5,40981.6,46707.3,52539.1,58429,64324.3,70096.3,75681.8,81075.3,86261.7,91201.1,96017.2,103830,111559,119378,127710,135745,143933,152806,162571,168989,174272,179639,185074,190518,195906,201263,206761,213600,221395,230189,241171,257788,277835,290832,299609,306391,311959,
7300.86,15406.9,24276.8,33803.6,43824.2,54155.2,64638.6,75184.8,85771.6,96411.2,107183,118195,129550,141134,153025,165431,178412,191937,205819,218719,231610,244482,258150,269691,279754,289249,298346,308283,318519,328882,339755,351200,363170,375782,389500,407139,427508,450318,477012,508592,531335,541555,549468,557589,566245,
11023.2,21533.5,31547.2,41166.6,50513.4,59695.1,68801.6,77909.4,87085.6,96375,105834,115517,125469,135630,146054,156854,168053,179694,191444,196304,201572,206945,212525,217219,221224,224881,228343,238008,250093,262620,275747,289526,303990,319260,335632,354352,375213,398457,425003,452683,464247,464827,465953,468880,473311,
6959.69,13743.4,20429.8,27076.1,33729.4,40428.4,47205.5,54089.5,61106.8,68278.8,75628.4,83178.1,90947.7,98938.3,107172,115676,124440,133483,142517,145758,149358,153098,156903,160518,163889,167037,170018,178181,188425,199094,210278,222044,234470,247685,261914,277763,295447,315454,338564,361996,368566,365130,362892,362701,364072,
5267.61,10520.9,15793.2,21111.4,26499.5,31978.6,37567.7,43283.8,49143.4,55161.3,61351.9,67729.3,74306.9,81096.8,88113.1,95365.5,102838,110544,118241,121085,124231,127507,130814,134089,137234,140209,143043,150320,159421,168935,178937,189495,200698,212676,225635,240019,256151,274585,296058,317662,322323,317247,313489,311801,311656,
4515.01,9058.01,13650.6,18311.4,23057.8,27905.5,32869.2,37962.1,43197.2,48587,54142.6,59875.1,65795.5,71919.2,78257.5,84814.2,91573.3,98544.9,105512,108150,111062,114096,117151,120230,123227,126082,128813,135571,144008,152849,162162,172019,182510,193767,205986,219553,234829,252394,272969,293604,297295,291355,286769,284257,283284,
4101.39,8244.76,12447.5,16725.3,21092.8,25563.8,30150.8,34865.7,39719.8,44724.2,49889,55223.6,60738.1,66448.9,72366.6,78491.9,84809.1,91328.2,97847.9,100350,103112,105993,108891,111842,114735,117502,120157,126585,134599,143013,151890,161302,171341,182141,193895,206956,221708,238747,258781,278771,281743,275299,270249,267277,265843,
1158.9,2397.36,3704.92,5071.37,6485.47,7935.86,9411.27,10900.5,12391.9,13873.1,15333.6,16763.2,18151.7,19479.9,20740,21932.5,23059.5,24115.7,25147.8,27158.6,29116.8,31061.8,33058,35009.1,36989.3,39080.2,41317.1,42420,43125.9,43830.4,44521,45173.9,45759.8,46257.3,46664.9,47118.2,47618.5,48394.6,50554.8,58150.1,71616,80020.8,84914.1,88239.5,90740.2,
2004.06,4136.67,6388.49,8749.02,11205.5,13743.1,16346.6,18998.7,21681,24372.2,27052.2,29702,32301.2,34808.9,37207.2,39498.9,41687.7,43763.6,45809.1,49596.1,53325.5,57072.8,60981.1,64815.4,68737.8,72935,77493,80077.6,82008.6,84006.8,86055.9,88114.5,90128.7,92064.3,93929.9,96033.7,98271.2,100764,104415,112712,126806,136681,143019,147601,151186,
3644.38,7572.68,11787.5,16287.9,21065.3,26105.3,31388.2,36889.6,42575.5,48401.1,54324.8,60300.2,66276.5,72125.7,77786.3,83254.8,88518.6,93538.4,98444.2,106460,114392,122416,130958,139195,147581,156650,166609,173076,178344,183679,189066,194445,199755,205019,210409,217125,224771,233375,244100,260389,280243,293196,301932,308659,314168,
7535.37,15827.4,24835.8,34452.9,44517.4,54848.6,65295.3,75766.9,86247.8,96753.5,107369,118204,129368,140745,152422,164607,177365,190667,204343,217287,230223,243142,256857,268445,278550,288083,297207,306902,316786,326772,337245,348274,359808,371964,385204,402331,422161,444415,470569,501704,524224,534362,542132,550038,558418,
10904.7,21219.6,30986.8,40326,49369.3,58230.5,67002.8,75764.7,84584.6,93507.4,102590,111887,121442,131194,141198,151567,162326,173520,184834,189613,194783,200051,205537,210123,214024,217594,220989,230306,241940,254011,266678,279991,293983,308774,324659,342903,363296,386086,412222,439620,451069,451467,452329,454925,458949,
6592.85,13010.8,19333.2,25617,31908.3,38244.2,44656.2,51171.6,57815.9,64609,71573,78729.7,86098.2,93675.8,101484,109552,117872,126462,135052,138178,141648,145253,148937,152417,155656,158696,161592,169405,179204,189425,200159,211473,223443,236196,249958,265358,282605,302192,324927,348100,354546,350915,348404,347879,348838,
4862.17,9722.24,14610.7,19551.6,24566.3,29673.8,34890.9,40233.1,45715.4,51351,57153.2,63135.3,69309.8,75684.9,82274.1,89089,96116.1,103367,110617,113336,116342,119474,122651,125782,128789,131649,134393,141319,149975,159043,168597,178707,189456,200976,213472,227414,243116,261138,282245,303604,308158,302899,298877,296860,296307,
4100.02,8243.17,12447.4,16728,21099.4,25575,30167,34887.1,39746.6,44756.1,49925.9,55266.1,60786.9,66499.4,72414.6,78537.9,84855.1,91376.7,97900.8,100403,103167,106051,108971,111903,114757,117492,120131,126541,134539,142941,151815,161231,171279,182088,193859,207001,221870,239054,259295,279646,283096,276988,272169,269353,267990,
3677.68,7413.17,11219.9,15109.9,19094.8,23185.9,27393.4,31727.3,36197.3,40812.9,45582.9,50516,55621.1,60910.9,66395,72076.5,77941.7,83999.3,90064.6,92442.1,95060.5,97794.5,100560,103364,106114,108763,111325,117397,124962,132924,141348,150305,159885,170219,181501,194109,208416,225023,244675,264488,267536,260934,255617,252311,250466,
4394.8,8796.94,13198.2,17589.9,21961.7,26302,30599.3,34841.3,39015.3,43109.1,47110.9,51009.3,54794,58455.5,61986.2,65385.6,68669.2,71831.6,74866.2,77766.7,80528.4,83143.3,90147.4,98267.7,106142,114015,121918,129929,138262,146941,155984,165423,175314,185615,196378,201259,205435,209938,214605,219193,223372,226743,228871,229368,227906,225060,223443,226068,229864,232179,232952,232698,231903,230975,
5169.69,10383.2,15632.3,20907.6,26196.1,31482.9,36752.2,41987.2,47169.2,52278.2,57296.5,62206.5,66991.4,71622.5,76086.2,80385.1,84537.5,88535.9,92369.4,96029.7,99509.4,102806,111559,121738,131651,141596,151564,161543,172001,183049,194732,207113,220272,234145,248678,255354,259989,262958,263519,261764,258309,253694,248174,241820,234849,227854,223203,222917,223331,222221,219801,216647,213219,209860,
6616.69,13386.5,20305,27363.3,34545.1,41828.9,49189.5,56600.8,64031.1,71444.3,78811.4,86103.9,93293.8,100293,107063,113619,119973,126102,131972,137559,142839,147822,160321,174867,189128,203516,217868,231799,246617,262661,279854,297741,315104,329686,340038,336876,330706,324163,317529,310850,304057,297021,289590,281665,273868,266840,262774,262584,261953,259221,255003,250030,244812,239715,
9679.26,19685.8,29890.9,40100.7,50088.7,59641.9,68612.5,76941.9,84662.2,91844.6,98623.5,105156,111597,117940,124347,131080,138317,146160,154637,163710,173242,183131,197596,213601,229785,246201,261594,273770,284391,293326,300351,305638,309521,312220,313904,310849,306420,301421,295901,289850,283226,276004,268249,260262,254237,251295,252193,252686,247741,238947,228359,217028,205443,193871,
8431.14,15261.4,20734.6,25110.1,28611.5,31412.1,33645.7,35419.5,36826.3,37936.4,38824.2,39561.4,40208.7,40768.2,41315,41960.4,42780.6,43845.7,45227.7,47008.7,49282.7,52185.1,55243.2,58457.6,61668.5,64586.2,66833.7,67909.2,68461.3,68667.1,68519.3,67976.3,66993,65533.4,63527.4,61654.7,59145.9,55842.8,51736.4,46837.8,41232.6,35177.9,29317.6,25121.1,24963.7,28634.7,29705.7,20816.2,9068.28,12891.2,22420.3,32792.6,43513.7,54451.7,
1554.13,2548.18,3096.27,3296.93,3257.38,3104.87,2980.69,3000.64,3212.51,3597.63,4110,4702.81,5336.85,5980.69,6611.28,7208.44,7755.68,8235.55,8631.86,8929.12,9112.82,9166,9543.32,9905.67,10148.8,10334.3,10513.5,10759.4,11093,11543.4,12152,12971.2,14066.1,15508.7,17396.8,19404,21872.6,24898,28505.2,32719.5,37550.2,42969.3,48868.1,54953.7,60163.5,63013.3,62140.9,61648.1,66498,74521.8,83664.8,93213.9,102987,112950,
424.789,999.548,1710.67,2539.17,3465.41,4470.76,5538.03,6650.85,7793.16,8951.24,10110.5,11256.8,12377.6,13467.5,14515.3,15506.8,16435.2,17290,18061.6,18741.5,19321,19784.2,21067.3,22474.5,23750.2,24974.3,26219.6,27593.8,29032.8,30524.7,32098.1,33800.7,35697.5,37850.3,40354,42292.9,44533.2,47271.5,50524.4,54303.9,58603.4,63370.9,68470.1,73580.4,77593.8,79255.4,77972.4,78204.5,83522.2,91419.7,100118,109069,118177,127459,
899.054,1906.15,3004.65,4180.27,5419.05,6707.78,8033.93,9385.24,10749,12114.2,13468.7,14800.6,16099.1,17362.6,18581.6,19741.8,20838.5,21862.9,22806.9,23663.4,24425.2,25079.8,26814,28739.6,30522.3,32251.8,33999.5,35903.7,37873.7,39882.4,41952,44128.4,46474,49041.3,51920.7,53853.8,56001.1,58618.1,61715.2,65297.6,69348,73804.5,78517.8,83161.7,86611.5,87727.3,86249.1,86736.5,92164.1,99917.7,108324,116911,125623,134503,
1168.58,2415.31,3728.27,5097.09,6511.13,7959.92,9433.17,10920.5,12410.8,13894.5,15360.9,16798.8,18198.6,19560.6,20876,22130.8,23321.5,24440.2,25479.4,26432.6,27293.3,28049.3,30038.9,32261.3,34334,36352.8,38390.9,40594.9,42865.6,45169.6,47526.2,49979.3,52589.3,55402.6,58506,60435.1,62524.8,65065,68062.2,71516.5,75405,79658.7,84121.6,88464.3,91563.1,92348.5,90747.5,91356.4,96814.1,104443,112636,120967,129406,138014,
5167.6,10375.9,15614.3,20871.4,26133.4,31384.6,36608.2,41786.3,46899.3,51930.8,56862.3,61675.3,66354.7,70897.8,75293.2,79530.6,83624,87563.8,91342.1,94951.7,98386.4,101628,110129,119960,129501,139071,148782,158857,169376,180327,191741,203677,216205,229238,242695,248669,252946,256135,257430,256273,252547,246441,238201,228045,215900,202988,192693,189211,189525,189950,189715,188940,187863,186703,
5915.25,11901.3,17946.3,24037.4,30157,36285.1,42400.3,48480.1,54499.7,60435,66263.3,71962.3,77512.2,82893.5,88091.9,93101.9,97942.2,102604,107076,111349,115416,119269,129408,141177,152639,164161,175803,187705,200190,213318,227135,241702,257074,273074,289403,295851,298720,298013,292735,283278,270956,257048,242371,227342,212165,197858,187422,183703,182666,181040,178441,175116,171315,167210,
7293.54,14747.4,22349.4,30082.5,37921.5,45835.5,53790.6,61752.6,69684.3,77547.3,85312.5,92954.2,100450,107733,114777,121596,128215,134614,140766,146647,152236,157535,171084,186869,202340,217955,233611,249057,265404,282887,301357,320258,338253,353010,363124,358031,348854,337988,325517,311736,297192,282419,267770,253465,240108,228802,222333,221944,222526,221517,219096,215750,211827,207545,
10118,20475.4,30908.9,41189.4,51060.8,60292.3,68728.3,76319.2,83110.2,89191,94709.5,99836.6,104737,109449,114151,119114,124543,130576,137294,144728,152812,161446,175598,191593,207705,223905,239111,251012,261026,269102,275131,279306,281888,282907,282257,274786,264717,253196,240877,228757,217827,208773,202032,198090,198957,206010,219454,232841,240040,242874,243571,243232,242384,241286,
7809.7,13779.5,18192,21338.7,23470.3,24787.2,25452.1,25602.8,25365.5,24846.5,24149.6,23367.2,22570.5,21789,21078.2,20489.2,20040.2,19728.5,19546.4,19489.7,19569,19824.6,21051.1,22523.2,23855.7,24934.7,25570.4,25576.7,25229.4,24613.7,23756.3,22694.8,21522.5,20423.5,19759.8,19480.8,20767.3,24104.1,29390.1,36255.7,44382.7,53645.8,64075,75736.9,88088.8,100159,108120,107651,103904,101506,101150,102533,105307,109207,
795.939,1364.15,2025.73,2928.82,4088.09,5471.42,7039.13,8752.76,10575.9,12476.3,14422.8,16384.6,18334,20255.5,22126.9,23917.9,25610.7,27184.1,28619.6,29900.3,31011.2,31930.1,34091.2,36460.9,38680,40897.2,43250.5,45979.4,48965.8,52205.2,55774.2,59790.6,64401.7,69746.5,75981.8,81447.2,87420.3,93838,100160,105869,110716,114749,118133,120926,122038,120399,113577,102338,93589.1,88966.9,87185.6,87190,88387.1,90468.2,
1236.01,2691.67,4338.56,6151.95,8108.36,10185.2,12360.5,14612.1,16917.1,19254.6,21601.3,23933.2,26228.3,28484.7,30682.8,32793.8,34804.3,36698,38461.1,40082.8,41552.5,42843.8,45878.9,49262,52473.1,55676.3,59041.2,62826.7,66842.3,71051.8,75524.6,80374,85744.4,91754,98539.5,103826,109369,115161,120610,125161,128554,130838,132160,132530,130735,125752,115817,103250,94636.7,90300.6,88505.3,88149,88693.7,89884.9,
1745.59,3647.12,5686.91,7849.78,10119.6,12479.8,14913.7,17403.2,19928.6,22471.9,25012.3,27527.9,29998.9,32426.8,34794.4,37071.6,39248.4,41310,43243.9,45040.4,46691,48177,51665.4,55564.2,59278.3,62982.6,66835.9,71148.5,75697.7,80428.6,85401.6,90726.7,96541.5,102950,110073,115267,120565,125988,130918,134805,137407,138784,139080,138284,135143,128691,117531,104671,96348.3,92251.7,90478.4,89956.8,90186.2,90946,
2015.03,4154.54,6405.72,8757.02,11195.9,13708.7,16280.5,18895.2,21534.8,24183.1,26820.4,29426,31980.8,34489.2,36934.1,39287.4,41539.5,43676.8,45687.5,47563.1,49295.5,50857.9,54577.1,58755.4,62743.3,66719.6,70862.6,75452.8,80269.3,85257.1,90475.9,96031.6,102059,108653,115924,121032,126163,131366,136017,139555,141731,142608,142327,140868,136974,129716,117929,104988,96866.5,92893.8,91114.9,90474.1,90502,90997.1,
6623.06,13389.5,20283.4,27286.4,34371.4,41506,48654.8,55778.7,62838.6,69805,76646.9,83337.1,89855.4,96239,102481,108543,114431,120126,125608,130859,135862,140575,151724,164424,176755,189175,202021,216001,230586,245505,260622,275668,290054,302691,312702,311913,308300,303713,298232,291773,284174,275260,264869,252868,238513,222698,208491,200972,198575,197365,196073,194558,192936,191367,
7297.69,14748.3,22330.7,30019.6,37780,45571.5,53350.5,61071.4,68690.6,76174.4,83492.4,90620.2,97542,104288,110857,117227,123418,129417,135209,140778,146106,151158,163605,177898,191805,205812,220191,235523,251511,267926,284599,301199,317064,331000,341994,339808,333114,323518,311278,297303,282562,267607,252590,237424,221580,205720,192626,186271,183979,182083,179683,176780,173516,170018,
8514.89,17219.5,26079.4,35050.3,44075.9,53091.7,62031.2,70830.5,79434.4,87803.6,95915.1,103763,111354,118702,125825,132750,139527,146155,152620,158901,164973,170807,185765,203147,220151,237300,254645,272332,290745,309711,328719,346682,361598,370765,373439,360240,344326,328787,313849,299484,285583,272012,258636,245345,232168,220034,211839,210091,210599,210267,208820,206565,203782,200673,
10835.6,21730,32440.8,42660.8,52071.1,60405.9,67507.8,73351.6,78029.8,81692.1,84540.3,86793.1,88654.1,90252.7,91799.7,93551.6,95727.8,98498.4,102005,106364,111628,117795,130164,144585,159043,173374,186595,196911,204879,210336,213232,213680,211797,207727,202161,191089,180112,170348,161748,154238,147780,142421,138357,136067,137278,143819,156837,170728,179050,183100,184938,185641,185740,185504,
6670.95,11135.1,13807.2,15136.3,15569,15541.8,15469.3,15698,16457.4,17831.7,19791.5,22240.7,25057.6,28137.9,31381.6,34675.4,37921.7,41020.9,43883.8,46427.4,48577.6,50249.4,53338.3,56585.9,59661.7,62889.6,66601.8,71323.9,76807.2,83026.7,90041.9,97811.8,106015,113859,120360,124026,126730,129092,131387,133794,136442,139430,142806,146497,149228,149856,145171,133928,123079,115760,111389,109055,108126,108208,
1645.25,3802.35,6456.42,9568.98,13093.3,16982.3,21189.5,25665,30355.8,35214,40185.4,45213.1,50243.8,55283,60286.4,65166,69870.8,74348.4,78556.1,82457.4,86024.2,89204.3,94861.2,100959,106850,112880,119485,127464,136065,145092,154592,164533,174574,183838,191263,194284,195788,196615,197032,197199,197203,197077,196769,196047,193075,186721,174933,159629,147965,140830,136569,134001,132472,131629,
2867.88,6114.22,9712.52,13640.8,17872.8,22379,27126.6,32076.9,37185.7,42414.1,47714.5,53036.6,58333.9,63626,68874.4,73993.2,78938.9,83665.4,88135.5,92318.6,96191.6,99704.9,106206,113280,120116,127073,134597,143538,153065,162942,173191,183758,194274,203824,211353,213713,214369,214283,213720,212826,211677,210281,208558,206236,201389,192965,179423,163625,152330,145600,141542,138973,137277,136140,
3389.91,7085.66,11073.7,15341.8,19871.6,24639.3,29616.9,34769.1,40055.3,45440,50878.3,56323,61730.6,67125.9,72473.4,77689.1,82733.2,87562.2,92141,96440.8,100440,104089,110988,118527,125814,133214,141175,150561,160522,170803,181415,192288,203035,212723,220301,222308,222518,221958,220892,219461,217730,215699,213272,210159,204415,195036,180753,164860,153838,147344,143394,140818,139030,137736,
3659.99,7593.16,11790.6,16243.9,20937.6,25850.4,30955.9,36220.9,41606,47077.5,52592.3,58104.5,63572.5,69023.7,74424.4,79691.8,84788.7,89672.6,94309.7,98672,102738,106460,113587,121397,128945,136603,144817,154458,164667,175183,186008,197062,207945,217717,225327,227120,227059,226213,224842,223084,220998,218577,215718,212124,205842,195906,181211,165295,154449,148090,144191,141597,139741,138345,
9702.64,19690.1,29773.2,39707,49227.8,58129.2,66306.9,73756,80556.9,86839,92721,98317.4,103738,109231,114887,120696,126723,133031,139665,146646,153945,161417,171921,182941,193647,204268,215327,228046,240139,250619,259187,265843,270765,274147,276200,274741,272025,268278,263260,256747,248578,238667,226972,213382,196357,175617,151676,130339,116453,107389,100633,95085.8,90330,86234.4,
10131.6,20461.9,30772.2,40789.4,50231.6,58887.1,66658.3,73554.8,79674.1,85160.1,90146.7,94763.3,99133.1,103493,107940,112495,117246,122277,127658,133438,139628,146130,156913,168599,179911,191045,202385,214928,226770,237017,245368,251793,256393,259165,259992,254328,245462,234072,220941,207315,194057,181387,169103,156720,142697,126311,107848,92576.2,83988.6,79058.3,75497,72416.8,69497.8,66623.2,
10845.3,21716.8,32329,42345.7,51444.9,59406.1,66151.7,71734.9,76306.3,80059.1,83182.3,85857.5,88252,90578.8,92947.5,95425,98120.3,101122,104505,108343,112684,117522,128191,140391,152259,163902,175375,187070,197970,207365,214748,219566,221067,218620,213135,200724,188108,176414,165426,154913,144663,134466,124082,113209,101212,88328.9,77197.4,73081.4,73771,74948.9,75495.6,75393.8,74794.3,73833.1,
11684.5,22639,32279.8,40029.3,45488,48568.9,49474.6,48620,46477,43456.8,39903.7,36087,32208.1,28436.1,24948.3,21944.7,19658.4,18332.9,18135.3,19040.9,20774.4,23025.7,26605.3,31005,35828.4,40839.7,45514.8,49012.2,51242.3,52466.1,53495.6,55273.6,58319.7,62601.7,67789.4,74650.6,82675,91615.8,101470,112307,124267,137568,152525,169566,189816,212966,234848,247146,251211,252800,254154,255829,257912,260376,
4289.07,6575.13,8468.8,11463.6,16203.2,22585.9,30279,38974.9,48458,58601.6,69315,80536.4,92225.3,104501,117343,130598,144141,157856,171604,185197,198394,210827,216311,220063,224576,230020,237185,247337,257673,267182,275524,282564,288339,293129,297212,307510,319137,330985,343091,355515,368348,381710,395723,410429,424066,435647,441361,437729,431823,428406,427669,428945,431659,435417,
5441.53,12048.5,19673.5,28129.2,37184.4,46617.4,56263,66024.3,75879.4,85868.2,96025.7,106389,116997,128078,139660,151610,163852,176323,188942,201579,214057,226054,233508,239693,246307,253528,262221,273968,285560,295854,304541,311576,317095,321426,324891,332940,342008,351227,360593,370127,379882,389932,400336,411040,419670,425248,424538,415710,406454,400635,397857,397219,398058,399948,
6837.77,14538.3,22994.1,32041.4,41466.1,51064.8,60694,70281.8,79832.3,89409.4,99067.7,108861,118844,129261,140150,151392,162929,174713,186680,198718,210666,222217,230351,237438,244816,252688,261915,274118,286083,296648,305504,312625,318163,322447,325806,332871,340782,348807,356933,365169,373556,382149,390984,399969,406601,409896,406824,396162,385728,379014,375420,373972,373985,375028,
7325.08,15411.1,24156.6,33400.3,42930.9,52550.1,62122.1,71584.8,80952.5,90298.3,99684.8,109173,118823,128885,139402,150261,161415,172824,184430,196130,207773,219058,227493,234997,242727,250898,260361,272743,284853,295523,304447,311601,317149,321413,324724,331272,338568,345958,353423,360965,368618,376429,384421,392484,398072,400196,395931,384361,373349,366188,362172,360294,359858,360432,
7562.43,15837.7,24724.3,34060.3,43634.5,53250.3,62776.2,72154.6,81405.5,90606.7,99824.9,109125,118570,128413,138701,149323,160239,171412,182792,194279,205728,216843,225442,233183,241111,249449,259041,271514,283693,294414,303369,310538,316087,320338,323619,329847,336762,343755,350804,357908,365097,372414,379876,387363,392307,393721,388738,376628,365271,357835,353552,351391,350655,350907,
8467.61,15285.5,20689,24968.9,28379.5,31118.6,33333.6,35138.2,36623.7,37873.4,38946.8,39898.3,40782.8,41713.7,42730.2,43830.6,45052.3,46449.6,48084.3,50024.5,52347.2,55094.5,57726.7,60319.7,62888.7,65318.9,67778.5,70553.7,72817.4,74322.9,75060.7,75073.2,74397.2,73053,71006.6,68816,65774.2,61605.5,56167.7,49360.9,41162.6,31646.4,21034.8,10815.1,16306.7,36627.6,61048.1,81903.4,96556,107942,117882,127121,135985,144630,
7842.24,13798.6,18153.5,21234.7,23332.1,24674.6,25442.5,25785,25832.3,25701.2,25484.4,25259,25086.4,25039.6,25125.7,25324.4,25630.2,26037,26539.7,27142.7,27859.1,28709.8,30675.3,32889.7,34992.1,36981.7,38906.8,40924.8,42684.6,44062,45066.3,45770.2,46278.1,46688.7,47114.8,46274.1,45135.1,43902.9,42710.9,41984.3,42386,44677.1,49682.5,58338,72156.4,92121.6,116048,135074,145914,152546,157482,161731,165726,169677,
6705.62,11180.2,13857,15235.9,15809.4,16043.1,16354.4,17068.3,18374.8,20321.8,22854.6,25864.6,29226.4,32792.7,36421.2,40005.9,43458.9,46695.3,49639.9,52232.3,54419.3,56181.1,60403.4,65208.5,69898.7,74774.3,79876.2,85187.1,91362.7,98674.2,107231,116889,126864,135347,140676,139853,137487,135057,133005,131600,131065,131666,133801,138135,146667,160885,180199,197016,206388,211249,214032,215828,217120,218138,
4303.61,6606.12,8580.1,11770.8,16847.3,23712.3,32027.8,41485.7,51857.4,62982.1,74781.2,87225.5,100306,113859,127852,142353,157298,172544,187857,202898,217229,230443,238373,245547,253743,263099,273046,281565,290344,298931,306530,312863,318051,322439,326327,334513,343599,353077,363213,374249,386429,400032,415423,433124,456073,483893,512111,531359,541058,546924,551669,556162,560678,565295,
6930.83,17029.9,28645.2,40907.4,53424.6,66049.3,78746.5,91531.5,104444,117531,130840,144420,158319,172595,187295,202446,218029,234090,250689,267885,285741,304314,307302,307398,309152,311539,314380,317485,320146,322340,324168,325739,327164,328753,330652,343606,358786,374411,390615,407547,425380,444322,464625,486563,510612,535764,557029,567218,570705,573694,577801,583079,589306,596259,
11228.2,22484.6,33517,44299.2,54894.1,65385,75850.5,86357.8,96967.4,107741,118717,129930,141413,153299,165612,178300,191324,204716,218527,232813,247632,263002,265348,265203,266442,268296,270920,274711,278115,280882,283131,285022,286704,288476,290485,302062,315652,329685,344247,359448,375430,392371,410485,429975,450579,471301,487449,492782,492558,492704,494470,497706,502084,507320,
11211.5,21994.9,32287.9,42180.6,51799.8,61264.7,70672.3,80101,89614,99276,109123,119186,129497,140199,151313,162773,174539,186643,199131,212053,225464,239337,241735,241937,243365,245348,248194,252273,255951,258956,261408,263476,265311,267197,269278,280034,292656,305716,319287,333468,348389,364218,381154,399378,418436,437326,451459,454920,453214,452126,452795,455011,458422,462720,
11050.5,21516.1,31391.2,40801.3,49897,58810.1,67645.3,76482.9,85389.2,94429.4,103640,113051,122694,132714,143128,153872,164906,176258,187975,200106,212704,225774,228294,228732,230272,232322,235139,239285,243065,246165,248698,250831,252720,254638,256728,266986,279025,291496,304469,318035,332321,347491,363738,381238,399473,417458,430644,433227,430773,429039,429112,430762,433618,437368,
10937.4,21216.6,30856.8,40001,48808.5,57417,65934,74443.8,83012.3,91706.2,100561,109607,118876,128513,138537,148881,159508,170445,181740,193440,205599,218182,220689,221239,222855,224962,227906,232117,235934,239063,241621,243775,245680,247605,249688,259636,271310,283412,296006,309185,323072,337829,353648,370699,388422,405821,418376,420390,417492,415371,415083,416379,418877,422257,
1587.44,2612.4,3194.37,3443.65,3479.52,3432.2,3428.47,3559.97,3858.19,4306.27,4866.09,5497.42,6165.89,6843.85,7504.83,8126.63,8694.27,9193.22,9610.34,9934.31,10155,10261.9,10794.4,11355.7,11808.2,12205.9,12581,12970.2,13383.6,13836.2,14362.4,15020.6,15893.3,17079.6,18717.8,20296.2,22334.2,24990.2,28316.9,32379.1,37264.5,43121.6,50241.5,59212.1,71576.2,89371.2,113168,136343,153215,165753,176089,185273,193818,202004,
830.28,1419.25,2087.34,2991.56,4156.07,5551.48,7138.9,8877.99,10730.5,12661.4,14636.7,16624.2,18594.6,20509.3,22339.5,24069.9,25689.7,27181.2,28527.8,29713.8,30725.4,31558,33888.8,36541.6,39053.8,41554.9,44045.6,46517.5,49262.5,52404.2,56034,60266.1,65250.2,71139.7,78127,83783.2,89584.6,95238.5,100021,103747,106840,109993,113969,119701,129260,144466,165202,184107,195772,202820,207664,211437,214676,217661,
1638.49,3787.64,6446.37,9586.48,13170.2,17157.1,21505.8,26173.5,31109.9,36257.1,41559.4,46956.8,52386.7,57720.8,62884.7,67854.7,72601.7,77077.8,81237.3,85042.4,88466.3,91518.7,98279.3,106007,113557,121196,128796,135972,144028,153453,164402,176753,189676,201118,209073,209142,207023,204523,202163,200241,198982,198620,199487,202155,208851,221000,238558,254927,264459,269345,271912,273290,274015,274363,
5409.53,12016.4,19729.6,28415.5,37896.2,47972,58467.4,69258.6,80293.7,91549.4,103078,114960,127270,139871,152815,166268,180249,194685,209403,224136,238515,252306,263423,274357,286056,298579,310834,320664,330227,339194,346872,353083,358028,362071,365523,371542,378104,385022,392576,401015,410580,421544,434277,449328,470073,496351,524167,544204,554602,560573,564926,568681,572207,575641,
11210.2,22516,33683.4,44665.5,55497.3,66240.1,76959.8,87720.5,98583.2,109592,120804,132273,144047,156086,168448,181225,194426,208103,222303,237082,252501,268698,272257,273540,276177,279191,282059,284148,285867,287445,288947,290411,291882,293592,295645,307080,320450,334298,348789,364093,380403,397948,417015,437943,461913,488010,511175,523413,527934,531006,534606,539010,544114,549739,
8980.92,17714.1,26275.2,34732,43146.6,51572.4,60055.1,68634.5,77346.9,86224.9,95297.1,104591,114131,123951,134074,144511,155239,166285,177687,189483,201721,214452,216237,216059,217117,218691,220671,222946,225048,226974,228799,230592,232417,234474,236851,247260,259425,272080,285339,299336,314234,330237,347596,366588,387674,409950,428570,436305,437260,437574,438914,441368,444726,448751,
7615.16,15030.2,22320.1,29547.2,36765.6,44020.9,51351,58788,66361.2,74098.5,82021.5,90150.2,98504.2,107128,116038,125228,134672,144391,154415,164779,175521,186679,188279,188149,189113,190571,192501,194926,197223,199340,201346,203317,205317,207530,210034,219714,231014,242806,255191,268290,282259,297291,313627,331529,351278,371985,388894,395005,394609,393769,394070,395555,397989,401122,
6968.83,13747.8,20411.5,27020.5,33626.9,40273.4,46995.7,53823.4,60783.1,67901,75196.3,82686.2,90388.3,98350.1,106587,115085,123821,132811,142084,151673,161614,171937,173482,173432,174392,175826,177742,180212,182573,184754,186823,188855,190915,193177,195716,204952,215731,227001,238855,251413,264823,279278,295015,312289,331317,351222,367293,372627,371571,370146,369902,370865,372787,375409,
6603.36,13016.8,19315.3,25559.4,31800.1,38079.6,44432.3,50886.7,57468.5,64203,71108.2,78200.1,85495.4,93043.1,100857,108922,117214,125750,134557,143666,153114,162926,164446,164455,165424,166850,168756,171240,173624,175830,177922,179977,182058,184335,186879,195821,206253,217174,228675,240873,253918,268000,283357,300243,318841,338283,353885,358795,357374,355615,355047,355684,357271,359541,
429.112,1001.8,1709.67,2536.45,3463.35,4471.62,5543.42,6661.82,7809.86,8971.28,10131.2,11275.5,12390.8,13458.9,14467.9,15412.3,16288.4,17087.6,17800.5,18418.4,18932.9,19337.3,20662.6,22160.3,23531.4,24843.1,26094.8,27269,28514.6,29888.1,31424.6,33167.1,35173.4,37501.7,40253.2,42245.2,44514.6,47315.9,50677.6,54628.5,59202.4,64473.8,70639.1,78180.1,88618.6,104099,125955,148509,165393,177895,188044,196929,205117,212933,
1226.95,2674.12,4316.78,6132.14,8097.45,10189.7,12386.5,14664.3,16999.4,19366,21740.6,24099.5,26419.1,28659.4,30798.5,32833.7,34762,36570.1,38244.1,39772.5,41144.4,42364,45634.7,49390.1,52985.9,56554.9,60043.7,63381.7,66985.5,71004.5,75525.2,80648.8,86517.1,93263.6,101068,106841,112569,118007,122356,125406,127580,129570,132110,136079,143557,156438,175214,193325,204797,211644,216157,219486,222201,224618,
2852.08,6090.88,9700.63,13667,17970.9,22589.2,27495.3,32658.6,38039.3,43587.7,49256.8,54995,60746.4,66381.7,71834,77092.2,82136.4,86923.7,91411.6,95566.2,99364.3,102823,110552,119417,128084,136821,145445,153492,162386,172640,184393,197495,211075,223028,231341,231011,228315,225192,222161,219518,217473,216239,216119,217644,223044,233752,250020,265775,275096,279785,282079,283115,283459,283412,
6806.81,14515.8,23078.8,32386.4,42276.9,52565.8,63094.5,73760.7,84534.7,95417.6,106482,117825,129544,141512,153799,166594,179943,193795,208001,222321,236409,250046,262152,274335,287185,300759,313880,324289,334220,343402,351193,357467,362445,366484,369896,375022,380523,386358,392807,400117,408522,418291,429788,443570,463092,488305,515477,535396,545731,551457,555388,558581,561446,564157,
11185.4,22013.7,32444.2,42543.6,52410.4,62139.7,71814.9,81509.1,91287.2,101193,111284,121614,132230,143075,154203,165722,177648,190030,202914,216350,230393,245192,249081,251007,254091,257446,260487,262505,264177,265778,267363,268946,270558,272401,274565,285148,297498,310331,323816,338128,353462,370053,388201,408272,431619,457408,480642,493112,497605,500345,503384,507054,511284,515934,
7608.62,15028.2,22336.7,29593.6,36849.2,44145.6,51518.5,58999.2,66617.1,74396.2,82361.2,90536.1,98942.2,107588,116497,125690,135153,144908,154987,165421,176250,187526,189357,189512,190748,192431,194400,196444,198375,200245,202111,204015,205997,208224,210765,220415,231664,243413,255781,268904,282952,298133,314713,333000,353631,375777,394624,402693,403674,403693,404505,406254,408764,411833,
6002.89,11953.4,17893.5,23857.9,29876.9,35977.4,42182.7,48514.2,54991.7,61632.9,68454.5,75472.7,82702.6,90163.9,97872.1,105830,114020,122459,131170,140181,149522,159231,160774,160867,161921,163415,165285,167434,169523,171559,173591,175668,177830,180224,182911,191866,202290,213217,224753,237025,250191,264452,280065,297322,316683,337324,354523,361035,360735,359652,359463,360274,361887,364085,
5270.27,10523.2,15791.2,21101.6,26479.5,31946.9,37523.4,43226.5,49072.6,55077.8,61255.6,67619,74180.6,80964.1,87981.6,95231.8,102695,110386,118326,126539,135054,143900,145380,145542,146576,148028,149859,152040,154186,156278,158367,160501,162720,165161,167882,176393,186295,196701,207708,219441,232052,245740,260759,277397,296054,315933,332358,338157,337226,335577,334857,335155,336261,337955,
4866.2,9726.2,14608.9,19539.2,24539.9,29631.1,34830.8,40154.8,45618.3,51236.1,57020.6,62983.2,69135.6,75502.7,82095.7,88910.6,95928.8,103163,110634,118365,126382,134714,136152,136355,137381,138810,140621,142807,144970,147081,149190,151345,153585,156043,158771,166993,176556,186620,197282,208664,220919,234246,248899,265164,283411,302854,318848,324264,323003,321046,320022,320010,320795,322147,
890.475,1889.45,2981.77,4153.61,5390.74,6679.24,8005.71,9357.12,10720,12080.9,13427.8,14749,16033.5,17262.3,18426.2,19523.6,20554.3,21511.3,22386.3,23171.8,23860.8,24448.8,26233.6,28272.8,30178.4,32022.1,33786.2,35426,37137,38983.6,40996,43210,45676.6,48441.3,51597.2,53612.2,55815.4,58519.9,61744.5,65499.5,69790.5,74653.5,80238.1,86973.3,96347.7,110524,131171,153147,169843,182200,192174,200863,208851,216479,
1732.15,3622.52,5656.72,7820.36,10097.6,12471.2,14923.4,17435.2,19986,22553.1,25115.8,27653.2,30143.8,32547,34843.4,37034.4,39120.4,41089.7,42929.7,44629.8,46180.5,47589,51327.9,55632.9,59769.5,63875.5,67876.7,71679.3,75744.8,80229.4,85214.3,90794.2,97104,104264,112441,118187,123761,128956,132951,135536,137138,138447,140177,143177,149507,161090,178700,196219,207448,214090,218368,221435,223875,226013,
3370.76,7055.97,11053,15356.1,19954.2,24830.1,29962.1,35321.8,40874.6,46573.7,52376,58233.3,64091.6,69825.1,75368.3,80717.4,85856.1,90742.5,95337.3,99609.7,103537,107159,115334,124700,133845,143052,152058,160499,169799,180443,192560,205990,219867,232078,240581,240024,236997,233513,230096,227036,224533,222786,222080,222929,227545,237371,252821,268118,277230,281754,283867,284714,284869,284644,
7300.86,15406.9,24276.8,33803.6,43824.2,54155.2,64638.6,75184.8,85771.6,96411.2,107183,118195,129550,141133,153022,165420,178389,191893,205803,219899,233852,247373,259844,272577,285955,299994,313663,324289,334225,343326,351028,357230,362162,366166,369539,374292,379353,384734,390714,397534,405426,414658,425597,438805,457750,482434,509239,528980,539137,544606,548215,551043,553524,555853,
11028.3,21547.6,31573.4,41208.4,50572,59772.9,68898.7,78027.4,87226.5,96538.2,106021,115731,125712,135901,146355,157182,168406,180073,192227,204918,218202,232223,236240,238458,241734,245229,248340,250340,252002,253621,255243,256877,258546,260437,262636,272732,284502,296754,309657,323388,338149,354185,371810,391410,414391,439957,463134,475609,479952,482358,484926,488031,491639,495644,
6959.69,13743.4,20429.8,27076.1,33729.4,40428.4,47205.5,54089.5,61106.8,68278.8,75628.4,83178.1,90947.7,98937.6,107169,115669,124425,133459,142799,152476,162524,172996,174844,175170,176492,178222,180187,182142,184011,185863,187747,189696,191739,194029,196625,205825,216535,227747,239579,252173,265703,280390,296516,314404,334754,356762,375626,383745,384601,384301,384650,385837,387724,390141,
5267.61,10520.9,15793.2,21111.4,26499.5,31978.6,37567.7,43283.8,49143.4,55161.3,61351.9,67729.3,74306.9,81096.1,88110.7,95358.9,102825,110524,118476,126707,135244,144121,145675,145931,147055,148580,150421,152468,154486,156496,158541,160658,162877,165332,168072,176575,186459,196848,207849,219591,232242,246012,261175,278038,297129,317664,334929,341535,341125,339731,339086,339337,340326,341872,
4515.01,9058.01,13650.6,18311.4,23057.8,27905.5,32869.2,37962.1,43197.2,48587,54142.6,59875.1,65795.5,71918.6,78255.2,84807.9,91560.7,98525.4,105722,113171,120897,128931,130385,130672,131751,133214,135011,137080,139144,141204,143302,145476,147755,150262,153043,161117,170495,180379,190869,202090,214205,227424,242015,258285,276698,296485,312986,318899,317896,315967,314813,314569,315070,316125,
4099.54,8240.87,12441.4,16716.7,21081.5,25549.5,30133.4,34844.8,39695.2,44695.8,49856.6,55187,60696.9,66402.6,72313.6,78430.2,84736.5,91243.6,97970.1,104936,112164,119682,121087,121408,122473,123909,125681,127751,129829,131906,134023,136217,138518,141041,143830,151617,160658,170203,180351,191225,202988,215850,230081,245985,263996,283359,299447,305000,303686,301463,300017,299474,299660,300381,
1137.33,2351.2,3630.98,4966.16,6345.83,7758.4,9192.87,10637.8,12081.8,13513.2,14921.7,16297.2,17630,18900.7,20103.7,21240.3,22310.9,23308.3,24225.5,25055.7,25792.2,26437.2,28427.7,30700.4,32824,34876.2,36815.7,38625.7,40504.6,42510.3,44668.9,47012,49587.2,52434.4,55643.9,57779.7,59870.8,62454.5,65547.4,69155.5,73276.2,77928.3,83234.9,89583.5,98308.2,111565,131242,153249,170430,183027,193016,201588,209389,216801,
2003.18,4134.59,6384.86,8743.45,11197.6,13732.4,16332.6,18981.4,21659.5,24346,27021.4,29665.7,32259.4,34761,37153.1,39438.2,41619.1,43684.5,45623,47423.8,49078.5,50595.3,54607.6,59233.3,63685.9,68106.6,72412,76497.4,80845.6,85615.8,90884.7,96743.9,103322,110732,119133,124851,130311,135325,139063,141310,142504,143334,144510,146869,152454,163197,180042,197144,208192,214705,218852,221782,224082,226080,
3644.38,7572.68,11787.5,16287.9,21065.3,26105.3,31388.2,36889.6,42575.5,48401.1,54324.8,60300.2,66276.5,72125.6,77785.3,83251.5,88510.2,93521.2,98243.8,102646,106705,110441,118888,128600,138103,147672,157096,165869,175474,186424,198837,212530,226592,238879,247399,246647,243399,239693,236035,232707,229902,227811,226711,227107,231206,240454,255368,270354,279316,283728,285742,286494,286561,286256,
7538.7,15835.3,24849.2,34472.7,44542.6,54876.3,65318.5,75783.8,86254.7,96748.2,107348,118167,129310,140669,152323,164484,177217,190495,204195,218104,231902,245304,257991,271016,284660,298939,312809,323581,333610,342763,350491,356710,361653,365658,369021,373484,378194,383213,388816,395246,402738,411558,422071,434837,453322,477555,504006,523540,533516,538766,542124,544687,546902,548974,
10904.7,21219.6,30986.8,40326,49369.3,58230.5,67002.8,75764.7,84584.6,93507.4,102590,111887,121442,131194,141194,151557,162306,173486,185142,197322,210080,223527,227567,229942,233313,236870,240069,242066,243710,245322,246949,248596,250283,252185,254384,264151,275531,287397,299920,313288,327709,343430,360763,380088,402817,428162,451170,463470,467532,469571,471722,474381,477536,481094,
6598.5,13023,19352.7,25644.9,31945.1,38290.5,44712.6,51238.9,57894.7,64699.8,71676.6,78846.9,86230.1,93822.3,101644,109724,118053,126652,135549,144772,154356,164363,166205,166608,167962,169705,171649,173549,175381,177221,179112,181081,183153,185470,188088,197000,207368,218242,229750,242042,255300,269750,285669,303374,323569,345434,364173,372157,372795,372175,372137,372902,374354,376337,
4862.17,9722.24,14610.7,19551.6,24566.3,29673.8,34890.9,40233.1,45715.4,51351,57153.2,63135.3,69309.8,75684.2,82271.6,89082.2,96102.4,103346,110834,118588,126634,135009,136553,136890,138045,139580,141404,143394,145371,147362,149409,151540,153784,156262,159020,167228,176763,186810,197481,208918,221293,234822,249775,266452,285386,305789,322953,329443,328811,327092,326054,325879,326428,327535,
4098.16,8239.28,12441.3,16719.4,21088.1,25560.7,30149.5,34866.2,39722,44727.6,49893.4,55229.4,60745.6,66452.9,72361.4,78475.6,84781.5,91290.3,98020.6,104992,112227,119757,121195,121556,122661,124129,125905,127913,129933,131972,134070,136258,138561,141092,143891,151672,160704,170247,180412,191331,203175,216156,230543,246634,264896,284560,300971,306784,305572,303328,301790,301127,301193,301816,
3680.59,7419.27,11229.5,15123.3,19112.5,23208,27420.2,31759.2,36234.6,40855.9,45631.9,50571.4,55683.3,60979.5,66469.3,72153.8,78020,84078.4,90346.5,96842.8,103589,110613,111980,112353,113431,114862,116613,118619,120647,122701,124818,127028,129357,131909,134723,142225,150930,160145,169978,180563,192067,204707,218748,234487,252363,271605,287597,293052,291554,289037,287221,286271,286034,286333,
4393.24,8793.56,13192.7,17582,21951.2,26288.8,30583.2,34822.1,38992.7,43082.8,47080.7,50975.1,54755.5,58412.7,61939.2,65334.6,68614.5,71773.4,74805.5,77705.5,80467.1,83081.5,85535.8,87832.5,89962.6,91908.3,101742,112874,124955,136574,147347,157673,167686,177487,187206,197018,207075,217559,228394,239722,251566,261867,265397,258934,247673,235956,224927,210192,196314,183276,170861,158901,147279,135945,124942,114483,105138,98348.8,96640.8,101363,
5169.69,10383.2,15632.3,20907.6,26196.1,31482.9,36752.2,41987.2,47169.2,52278.2,57296.5,62206.5,66991.4,71622.5,76086.2,80385.1,84537.6,88536.4,92371,96033.2,99514.5,102812,105966,108944,111712,114737,127612,141607,156546,170663,184005,197025,209964,222993,236322,250204,264779,279785,293105,300359,301054,298186,292253,283421,273340,263366,251337,237056,223631,210877,198647,186838,175405,164377,153901,144325,136526,132429,134091,140649,
6610.17,13371.4,20278.8,27323.7,34489.5,41755.1,49096.1,56483.9,63888.6,71275.2,78612.9,85873.9,93029.8,99993.3,106727,113245,119561,125650,131479,137024,142261,147215,152118,156786,161084,164952,181740,200524,221027,241144,260331,279252,298543,318445,338472,355980,366740,371552,373109,372834,371482,368372,362370,353671,344128,335020,326617,312923,299085,286025,273650,261923,250860,240537,231120,222919,216337,212777,214117,220692,
9686.93,19702.3,29915.9,40131.8,50119.9,59664.8,68614.2,76912.9,84593.3,91728.4,98452.2,104923,111292,117561,123886,130534,137685,145440,153834,162836,172312,182109,192781,203543,213624,222906,238527,254721,272615,291510,311022,328893,342811,352016,357809,361452,363553,364318,363532,360945,356469,349643,340693,331621,324432,319339,314200,308325,303481,299660,297006,295749,296178,298619,303472,310828,321375,336701,355152,372245,
8431.14,15261.4,20734.6,25110.1,28611.5,31412.1,33645.7,35419.5,36826.3,37936.4,38824.2,39561.4,40208.7,40768.2,41315,41960.4,42780.2,43842.7,45216.6,46980.8,49227.5,52090.2,55952.5,60850.4,66870.2,74098.9,79696.5,84789.7,89008,92463.7,95019.6,96512.5,97302.9,97560.6,97340.5,96621.5,95338.1,93362.1,90553.3,86709.3,81736.9,76500.2,73687.6,76108.6,82809.3,91250.8,100989,112117,123570,135427,147832,160967,175042,190267,206842,224759,243764,262957,279258,289395,
1554.13,2548.18,3096.27,3296.93,3257.38,3104.87,2980.69,3000.64,3212.51,3597.63,4110,4702.81,5336.85,5980.69,6611.28,7208.44,7755.81,8236.56,8635.5,8938.1,9129.98,9194.67,9104.51,8848.75,8412.81,7805.99,7590.86,7156.63,6549.12,5824.27,5194.58,4939.46,5260.33,6118.95,7308.41,8692.09,10296.2,12297.1,15059.2,19105.7,25020.4,33135.1,42803.8,52207,60202,67034.6,73783.4,81292,89209.7,97621.4,106580,116142,126381,137389,149247,161977,175139,187299,195792,198476,
424.565,998.775,1709.25,2536.8,3461.91,4465.89,5531.82,6643.05,7783.77,8940.03,10097.3,11241.6,12360.2,13447.8,14493.2,15482.5,16408.5,17262,18034.5,18718.9,19306.9,19783.5,20103.4,20287.2,20343.1,20263.9,21619.4,23037.6,24418.8,25533.2,26374.4,27095.2,27740.9,28391.6,29158,30182.2,31628.1,33700.9,36628.8,40717.4,46278.7,53265.7,60699.7,66848.4,71123,74250.7,76981.2,80469.5,84720.7,89697.4,95405.6,101841,109007,116937,125672,135234,145560,155777,164007,167657,
899.054,1906.15,3004.65,4180.27,5419.05,6707.78,8033.93,9385.24,10749,12114.2,13468.7,14800.6,16099.1,17362.6,18581.6,19741.8,20838.6,21864.2,22811.8,23675.2,24448,25118.3,25630,26007.6,26267.8,26511.7,28732.4,31038.3,33332.8,35264.1,36876.9,38329.9,39649.6,40904.1,42199.4,43676,45493.2,47850.4,50955.8,55072.2,60456.4,66896.7,73201.3,77659.9,79992.6,81134,82032.2,83499.1,85668.2,88586.4,92255.7,96673.1,101850,107821,114612,122239,130224,137065,140453,138823,
1168.58,2415.31,3728.27,5097.09,6511.13,7959.92,9433.17,10920.5,12410.8,13894.5,15360.9,16798.8,18198.6,19560.6,20876,22130.8,23321.7,24441.6,25484.2,26444.3,27315.8,28087.1,28698.3,29177,29542.2,29910.1,32556.1,35335.5,38135.7,40541.2,42588.7,44446.6,46135.2,47718.7,49301.3,51021.7,53034.4,55532.8,58707.2,62801.3,68051.8,74184.6,79936.3,83610.4,85034.1,85218.9,85049.8,85322.4,86280.1,87970.8,90398.9,93563.2,97476.2,102173,107679,114016,120711,126286,128526,125982,
5166.28,10373.1,15609.6,20864.3,26123.6,31371.7,36592.2,41766.8,46876.4,51904,56831.3,61640.3,66315.5,70854,75245.3,79478.6,83567.7,87504.6,91280.6,94890.5,98327.1,101573,104559,107332,109914,112295,124315,137993,152888,167298,180740,193753,206457,218967,231434,244002,256635,268951,279552,286966,291107,292159,288238,278437,266865,255885,245746,232015,218454,205596,193218,181133,169192,157297,145412,133608,122242,112235,105838,105571,
5915.25,11901.3,17946.3,24037.4,30157,36285.1,42400.3,48480.1,54499.7,60435,66263.3,71962.3,77512.2,82893.5,88091.9,93101.9,97942.3,102605,107079,111355,115426,119283,122906,126303,129469,132968,148019,164478,182098,198795,214621,230147,245579,261074,276812,292937,309244,324633,335419,336195,328321,317770,307299,297478,288281,279579,268546,254856,241799,229211,216948,204895,192980,181192,169610,158501,148549,141445,139608,143228,
7293.54,14747.4,22349.4,30082.5,37921.5,45835.5,53790.6,61752.6,69684.3,77547.3,85312.5,92954.2,100450,107733,114777,121596,128215,134614,140766,146647,152235,157530,162711,167656,172249,177173,196788,218045,240840,262651,283634,304465,325646,347222,368319,385785,395721,399229,397820,391862,383380,374333,365655,357520,349864,342580,332189,318217,304843,291989,279602,267666,256208,245321,235200,226153,219010,215632,217613,223875,
10112,20460.2,30882.9,41160.3,51036.6,60287.2,68756.2,76395.9,83249.9,89403.7,95006.1,100229,105234,110059,114883,119978,125545,131718,138568,146110,154266,162969,172637,182548,192043,200691,217467,235590,255729,276820,297962,317186,332028,341521,347022,349762,350076,347689,341913,333358,324488,317003,311112,306467,302725,299650,297095,291741,286407,281721,277831,274958,273379,273409,275421,279872,286790,297630,313104,330618,
7809.7,13779.5,18192,21338.7,23470.3,24787.2,25452.1,25602.8,25365.5,24846.5,24149.6,23367.2,22570.5,21789,21078.2,20489.2,20040,19727.3,19541.9,19478.2,19544.4,19777.5,20309.1,21218,22676.7,25066.4,29282.8,33760.6,37817.9,40879.5,42782.6,43493.4,43212,41995.5,39772.6,36352.5,31447.9,24854.6,17352.9,14083.2,20661.8,30827.7,40987.7,50584.4,59650.2,68295.1,77402.9,87543.9,97973,108800,120148,132165,145019,158890,173946,190205,207364,224355,238232,246037,
795.939,1364.15,2025.73,2928.82,4088.09,5471.42,7039.13,8752.76,10575.9,12476.3,14422.8,16384.6,18334,20255.5,22126.9,23917.9,25610.9,27185.6,28624.9,29913.4,31036.8,31973.8,32635.8,33058.3,33267.8,33385.2,35821.1,38345.7,40913.1,43195.3,45325.5,47563.9,49992.2,52754.9,56053.7,60135.1,65225.2,71374.4,78012.7,83747.8,87446.7,89362.2,90360.5,91079,91861.5,92881.3,94615.6,97504.1,101173,105584,110696,116479,122931,130075,137925,146486,155244,162613,166209,164498,
1237.6,2695.73,4345.96,6163.95,8125.85,10209,12391.8,14652,16966.6,19314.4,21672.4,24016.4,26324.7,28594.5,30807,32932,34957.1,36866.7,38648.4,40292.3,41789,43120.3,44174.6,45013.2,45685,46373.3,50441,54798.4,59306.2,63393.5,67152.8,70882.7,74630.2,78528.4,82776.4,87612,93224.2,99585.2,105969,110864,113245,113548,112753,111538,110262,109113,108331,108310,108991,110324,112250,114718,117699,121188,125169,129643,134072,136846,135907,130298,
1745.59,3647.12,5686.91,7849.78,10119.6,12479.8,14913.7,17403.2,19928.6,22471.9,25012.3,27527.9,29998.9,32426.8,34794.4,37071.6,39248.6,41311.5,43249.3,45053.6,46716.7,48220.8,49446.4,50462.3,51322.9,52238.4,57046.8,62232.8,67625.6,72543.4,77063.7,81501.6,85890.5,90355.5,95088.5,100318,106209,112695,118979,123514,125347,125005,123507,121535,119444,117420,115558,114221,113515,113380,113744,114545,115737,117303,119207,121444,123467,123694,120265,112545,
2016.92,4159,6413.46,8769.11,11213.2,13731.8,16310.6,18933.3,21581.8,24239.7,26887.4,29504.2,32071.2,34591.9,37050.1,39416.1,41681.4,43833.1,45860.8,47756.8,49514,51114.8,52436.1,53549.7,54512.3,55549.1,60779.3,66436.7,72335.4,77730.6,82691.9,87543.8,92312.9,97118.7,102148,107621,113689,120259,126493,130825,132352,131652,129767,127379,124840,122331,119858,117761,116251,115258,114703,114513,114635,115036,115671,116522,117037,115656,110655,101610,
6615.39,13372.8,20255.8,27245,34314,41431.3,48560.9,55664.4,62702.9,69648.1,76468,83135.7,89631,95990.8,102208,108246,114107,119775,125232,130461,135444,140123,144228,147951,151417,154653,170401,188431,208074,227143,245080,262681,279835,296372,311769,324908,334519,340568,343796,345284,345794,344295,338004,326746,314916,304272,294674,281353,268192,255707,243607,231622,219512,207080,194167,180644,166649,152170,138496,128802,
7288.82,14729.1,22299.4,29973.2,37716.4,45489,53248.4,60948.8,68546.9,76009.7,83307.5,90414.4,97316.5,104043,110591,116941,123110,129088,134858,140407,145717,150737,155255,159417,163309,166948,184621,204852,226961,248496,268790,288667,308078,326835,344372,359538,370989,378206,379904,374072,363455,352605,342713,333654,325174,317089,309271,296607,283637,271114,258838,246605,234230,221570,208520,195037,181349,167730,155755,148397,
8522.37,17236,26106.5,35090,44129.3,53159.2,62112.5,70925.1,79541.1,87919.5,96037.8,103890,111484,118834,125958,132885,139665,146300,152775,159072,165163,171020,176611,181921,186926,192429,214710,239161,265478,290656,314761,338530,361978,384478,404048,416476,418745,414528,407488,399218,391058,383267,375807,368593,361552,354628,344307,330174,316523,303229,290170,277244,264389,251602,238960,226705,215413,206566,202460,203630,
10826.8,21711.8,32413.9,42635.5,52059.2,60425.2,67574.9,73486.4,78248.1,82003,84955.4,87321.8,89306.1,91034,92720.2,94620.1,96958.2,99902.6,103588,108119,113538,119850,127271,135381,143721,151898,170127,190368,212724,235422,257030,275461,288260,294900,296604,294314,289078,282532,275584,268750,262535,256931,251833,247152,242820,238793,235045,228199,221280,214938,209282,204472,200726,198315,197600,199075,203081,211033,223828,239390,
6670.95,11135.1,13807.2,15136.3,15569,15541.8,15469.3,15698,16457.4,17831.7,19791.5,22240.7,25057.6,28137.9,31381.6,34675.4,37921.8,41022.6,43889.9,46442.7,48608.4,50303.3,51301.6,51639.1,51330.4,50479,52376.5,54264.5,56384.2,58613,61334.3,64990.5,69666.8,75384.4,81880,88302.6,93384.2,96558.8,98301.9,99377.8,100308,101341,102598,104139,105992,108164,111334,115955,121286,127286,133914,141143,148973,157429,166524,176263,186112,194413,198687,197382,
1641.6,3791.95,6436.92,9536,13043.9,16913,21097.4,25546.4,30206.8,35031.9,39967.1,44955.1,49942.8,54936.3,59890.4,64718.9,69370.4,73794.6,77950.2,81805.8,85334.3,88463.3,90881.8,92824.6,94453.6,95823.1,102687,110418,118654,126597,134251,142256,150597,159361,168367,176745,183026,186475,187601,187377,186540,185438,184244,183053,181926,180903,180011,180023,180719,181929,183542,185424,187442,189484,191440,193161,194620,194442,190660,182029,
2863.4,6103.73,9693.69,13610,17827.1,22315,27041.7,31967.5,37048.4,42246.3,47513.6,52798.6,58056.7,63307.1,68510.5,73582.2,78479.7,83156.8,87580.6,91723.4,95563.8,99029.7,101789,104100,106142,107979,116366,125860,135992,145724,154968,164401,173966,183716,193432,202200,208548,211815,212557,211806,210371,208617,206717,204767,202823,200926,199103,197652,196745,196282,196123,196105,196059,195838,195294,194234,192623,189034,181631,169713,
3389.91,7085.66,11073.7,15341.8,19871.6,24639.3,29616.9,34769.1,40055.3,45440,50878.3,56323,61730.6,67125.9,72473.4,77689.1,82733.4,87563.9,92147.5,96457.1,100473,104147,107113,109607,111829,114212,123695,134111,145093,155449,165362,175495,185742,196087,206219,215139,221411,224536,225148,224223,222589,220610,218455,216215,213943,211678,209355,207313,205724,204439,203274,202037,200552,198661,196177,193038,188476,180540,168265,153087,
3659.99,7593.16,11790.6,16243.9,20937.6,25850.4,30955.9,36220.9,41606,47077.5,52592.3,58104.5,63572.5,69023.7,74424.4,79691.8,84788.9,89674.3,94316.2,98688.2,102771,106517,109558,112129,114433,116914,126793,137653,149112,159916,170239,180749,191330,201951,212285,221318,227619,230711,231241,230194,228416,226276,223941,221501,219011,216508,213838,211325,209244,207441,205726,203901,201781,199204,195972,192017,186567,177706,164607,148923,
9702.64,19690.1,29773.2,39707,49227.8,58129.2,66306.9,73756,80556.9,86839,92721,98317.4,103738,109231,114887,120696,126723,133032,139672,146664,153983,161484,168306,174676,180783,187012,201046,216696,233338,249390,264545,278851,290890,299992,306263,310230,312396,313086,312312,309896,305345,297236,284468,270715,260145,252372,245803,240061,235400,231432,227814,224248,220478,216290,211454,205901,198856,188439,174174,158168,
10131.6,20461.9,30772.2,40789.4,50231.6,58887.1,66658.3,73554.8,79674.1,85160.1,90146.7,94763.3,99133.1,103493,107940,112495,117246,122279,127664,133456,139663,146193,152358,158329,164221,170449,186129,203529,222012,239634,256008,271162,283799,293330,299874,303833,305294,303626,297012,284905,272244,262098,253999,247162,241111,235581,229631,223362,217708,212439,207306,202064,196485,190367,183477,175701,166312,153753,138038,121867,
10830.7,21688.6,32291.7,42305.2,51415.6,59403.3,66188.6,71827.7,76465.1,80290.1,83490.1,86246.9,88725.6,91137.5,93595.7,96167.6,98961.1,102066,105560,109511,113969,118904,124020,129388,134980,140670,157612,176972,198009,218428,237140,254080,268149,278528,284328,283857,277108,268241,259328,250703,242655,235082,227845,220837,213987,207247,200584,191349,182053,173054,164179,155237,146034,136384,126093,114933,102793,89256.9,75013.8,63456.2,
11681.8,22634.7,32277.1,40034.1,45507.8,48606.4,49534.7,48705.8,46585.7,43588.9,40059.2,36263.3,32406.1,28656.8,25193.2,22212.6,19944.5,18629.6,18427.4,19309.5,21014.3,23252.3,26044.3,29499.4,33710.3,38639.5,47208.9,57479.6,69211.9,81151.1,91621.8,98323.7,99386.6,95825.9,90257.5,84420.1,79046.8,74431.6,70662.7,67874.6,66203.1,65653.3,66179.5,67702.5,70116.6,73305,77149.4,81979.4,87660.5,94156.3,101548,109975,119632,130753,143612,158489,175306,194159,213838,230659,
4289.07,6575.13,8468.8,11463.6,16203.2,22585.9,30279,38974.9,48458,58601.6,69315,80536.4,92225.3,104501,117343,130598,144141,157856,171606,185203,198412,210864,221337,230102,237526,243314,240344,238349,237687,239754,244437,251346,258902,265972,272003,277019,281367,285409,289621,294193,298748,303201,307563,311864,316134,320394,327525,338568,350161,362255,374788,387697,400940,414491,428303,442444,456242,467387,473336,473087,
5441.53,12048.5,19673.5,28129.2,37184.4,46617.4,56263,66024.3,75879.4,85868.2,96025.7,106389,116997,128078,139660,151610,163852,176325,188946,201591,214084,226108,236336,245173,253090,260109,263375,267920,273397,280261,288401,297720,306570,313971,319636,323829,327042,329723,332358,335186,337966,340651,343260,345823,348368,350915,355950,364456,373534,383062,392882,402829,412758,422562,432127,441604,450243,455383,455008,449111,
6837.77,14538.3,22994.1,32041.4,41466.1,51064.8,60694,70281.8,79832.3,89409.4,99067.7,108861,118844,129261,140150,151392,162929,174715,186685,198731,210696,222275,232150,240723,248443,255405,260565,267072,274497,282962,292339,302578,312018,319715,325453,329558,332557,334915,337107,339389,341592,343692,345711,347681,349629,351576,355743,363060,370940,379245,387789,396382,404855,413078,420918,428542,435179,438120,435533,427722,
7315.25,15388.6,24120.4,33346.3,42863.9,52475.4,62046.2,71518.3,80901,90263.5,99670.1,109179,118850,128931,139465,150335,161492,172894,184480,196146,207737,218884,228339,236608,244087,250946,257241,264694,272926,281963,291822,302516,312381,320410,326337,330496,333441,335661,337660,339661,341547,343317,345001,346632,348240,349845,351467,357112,363995,371379,379113,387008,394869,402533,409856,416680,423269,427785,427757,421923,
7562.43,15837.7,24724.3,34060.3,43634.5,53250.3,62776.2,72154.6,81405.5,90606.7,99824.9,109125,118570,128413,138701,149323,160239,171414,182797,194293,205759,216904,226431,234733,242234,249082,255613,263534,272370,281997,292273,303179,313053,320981,326793,330857,333718,335849,337708,339561,341302,342923,344454,345926,347369,348804,352215,358474,365284,372493,379902,387300,394502,401365,407744,413803,418760,419898,415529,406186,
8463.01,15283.5,20692.2,24978.1,28394.9,31140.5,33361.1,35172.1,36664.6,37921.6,39002.6,39962.7,40855.7,41796.2,42822.5,43933.9,45168.2,46579.8,48233.5,50200,52558.9,55355.3,58429.6,62051.1,66431,71676.7,76930.7,82350.1,87362.8,91709.2,95258.7,98043.6,99814.8,100604,100509,99597.5,97871.9,95207.6,91377.8,85853.4,77750.3,66303.3,53493.1,47737.1,51275.6,58737.4,67159,77131.7,87669.4,98559,109886,121780,134398,147920,162527,178362,195291,212793,229088,240813,
7842.24,13798.6,18153.5,21234.7,23332.1,24674.6,25442.5,25785,25832.3,25701.2,25484.4,25259,25086.4,25039.6,25125.7,25324.4,25630.4,26038.8,26546.2,27159.1,27891.8,28767.3,29746,30980.8,32640.7,34977.9,39723.9,44896.8,49938.1,54165.7,57393.6,59710,60992.4,61256.7,60545.9,58847.6,55998.3,51542.1,44480.4,34047.8,22389.1,11981.8,5809.16,11293.9,20048.3,28821.8,37694.4,47053.2,56700.1,66757.3,77374.7,88732.3,101041,114530,129428,145804,163476,181620,197322,207217,
6701.8,11167.1,13831.9,15197.1,15760.6,15991.5,16308.8,17041.3,18377.4,20362.2,22938.7,25996.3,29409.4,33028.1,36711.3,40350.7,43859.4,47151.6,50151.1,52793.4,55025.4,56817.2,58265.3,59267.6,59748.8,59933,64413.8,69207.4,74488.4,79683,85048.7,91013.1,98032.7,106402,115829,124076,127494,126604,123888,120684,117680,115091,112986,111391,110320,109781,109373,109199,109872,111503,114265,118384,124138,131856,141931,154586,170140,188787,207954,223201,
4306.92,6620.86,8590.34,11755.5,16785,23598.5,31866.2,41280.2,51615.5,62712.4,74487.8,86912.7,99975.9,113509,127477,141940,156826,171985,187163,202014,216089,229053,241385,251917,259725,264360,258772,252796,249131,250007,256088,265979,276911,285719,292112,297002,301154,305035,309025,313227,317487,321788,326145,330577,335095,339707,344418,351775,359809,368239,377350,387517,399154,412665,428417,446703,466873,489783,514757,537565,
6930.83,17029.9,28645.2,40907.4,53424.6,66049.3,78746.5,91531.5,104444,117531,130840,144420,158319,172595,187295,202446,218029,234088,250681,267869,285714,304275,323561,343610,364458,384411,372824,361285,350660,344458,341382,339894,339434,339809,340936,342773,345399,348876,353555,359377,365471,371590,377695,383792,389893,396011,406183,421563,437383,453777,470926,489045,508346,528999,551105,574446,598565,622316,642268,655423,
11230.1,22495.9,33544.6,44346.5,54964,65479.4,75970.2,86506,97146.1,107952,118962,130210,141732,153659,166015,178748,191819,205259,219122,233459,248333,263733,279269,295251,311899,329280,322161,314102,306120,301008,298732,298100,298322,299181,300626,302648,305334,308748,313285,318773,324476,330200,335916,341630,347352,353092,358856,371652,386120,401115,416718,433035,450188,468291,487427,507598,528562,549441,567997,580898,
11202.4,21986.4,32285.2,42182.6,51806.7,61276.8,70689.1,80122.9,89641.7,99309.3,109163,119233,129552,140262,151385,162855,174632,186745,199241,212172,225593,239481,253368,267606,282444,297940,292478,286307,280186,276486,275180,275283,276029,277235,278889,281009,283699,287033,291381,296599,302024,307478,312935,318398,323879,329386,334925,347017,360711,374939,389764,405269,421551,438701,456788,475802,495549,515064,532071,543354,
11050.5,21516.1,31391.2,40801.3,49897,58810.1,67645.3,76482.9,85389.2,94429.4,103640,113051,122694,132714,143128,153872,164906,176257,187972,200099,212695,225766,238807,252134,266026,279528,273810,268571,263823,261641,261270,261983,263115,264542,266291,268411,271024,274217,278290,283232,288408,293630,298867,304121,309404,314723,323334,336278,349740,363763,378411,393763,409908,426924,444842,463596,482611,500118,513053,519285,
10932.5,21203.1,30831.9,39961.7,48753.5,57345.6,65846,74337.1,82886.4,91559.4,100393,109417,118663,128275,138273,148590,159188,170094,181353,193015,205136,217721,230255,243063,256426,269447,264308,259648,255438,253634,253517,254412,255667,257170,258954,261078,263664,266804,270790,275619,280678,285789,290922,296082,301277,306517,314962,327635,340828,354583,368955,384018,399854,416533,434086,452449,471044,488089,500540,506302,
1589.45,2619.06,3206.6,3462.35,3503.11,3457.48,3450.39,3573.53,3860.11,4295.54,4841.99,5460.33,6115.68,6780.98,7429.54,8039.12,8595.03,9082.91,9490.74,9807.92,10024,10128.5,10109.3,9968.43,9709.23,9342.91,9651.8,9949.42,10196.8,10279.4,10171.7,9896.68,9415.77,8699.13,7729.72,6525.31,5236.48,4591.55,6189.53,10636.9,17920.7,28330.1,40774.9,51367.8,59023.8,65348.9,71306.5,77610.1,84469.3,91967.4,100246,109482,119895,131732,145265,160767,178140,197463,217510,234582,
831.031,1422.21,2090.62,2993.64,4155.87,5548.39,7132.23,8867.41,10716.1,12643,14613.7,16596.7,18562.1,20471.5,22296.1,24021.3,25635.9,27122,28462.7,29642.2,30645.3,31465.6,32134.9,32603.1,32826.8,32776.1,35091.9,37537,40093.2,42438.4,44577.3,46735.2,49136.3,51995.2,55578.5,60241.2,66417.9,74513,83964.4,91543.3,94355.8,94464.3,93959.8,93649.8,93803,94506.4,95776,97309.1,99621.8,102846,107102,112566,119465,128069,138689,151664,166985,184989,204758,222638,
1638.49,3787.64,6446.37,9586.48,13170.2,17157.1,21505.8,26173.5,31109.9,36257.1,41559.4,46956.8,52386.7,57720.8,62884.7,67854.7,72601.7,77076.9,81233.7,85032.7,88445,91478.6,94407.7,97035.7,99191.1,101127,109062,117194,125783,134066,142373,151150,161140,172855,186265,199170,207052,209579,209291,207787,206016,204300,202751,201413,200308,199446,197885,195571,193780,192663,192432,193356,195750,199980,206494,215548,227769,244175,262798,279094,
5415.55,12032,19757.8,28459.3,37955,48043.1,58542.4,69333.9,80362.5,91609,103123,114986,127275,139859,152785,166227,180208,194659,209411,224201,238665,252480,266426,279399,290429,298817,300619,302160,305602,312575,323289,335745,347331,355874,361749,366020,369457,372514,375507,378585,381696,384851,388074,391383,394791,398305,402738,408264,414024,420320,427557,436191,446672,459400,474732,492334,512444,536290,560778,580972,
11205.3,22502.5,33658,44624.3,55438.2,66161.4,76859.6,87596.8,98434.4,109417,120601,132040,143780,155786,168110,180849,194011,207640,221787,236502,251850,267936,285239,303628,323040,342115,334238,325949,318017,313461,311213,309914,309491,309902,311097,313026,315735,319259,323885,329545,335486,341492,347521,353577,359665,365794,375410,389470,403931,418977,434857,451855,470247,490253,512022,535265,559639,584497,606303,621492,
8980.92,17714.1,26275.2,34732,43146.6,51572.4,60055.1,68634.5,77346.9,86224.9,95297.1,104591,114131,123951,134074,144511,155239,166283,177679,189467,201693,214413,227661,241511,256073,270302,262662,255098,248020,243920,242029,241397,241684,242764,244559,247007,250140,253976,258758,264437,270370,276366,282387,288430,294501,300605,309822,323089,336813,351121,366176,382173,399301,417717,437522,458539,480333,501759,519472,530465,
7615.16,15030.2,22320.1,29547.2,36765.6,44020.9,51351,58788,66361.2,74098.5,82021.5,90150.2,98504.2,107128,116038,125228,134672,144389,154408,164764,175498,186646,198144,210104,222661,234932,228454,222152,216326,213115,211864,211784,212521,213953,216017,218663,221923,225817,230564,236128,241932,247806,253713,259649,265618,271626,280495,293114,306206,319882,334285,349584,365947,383517,402385,422405,443125,463299,479645,489287,
6968.83,13747.8,20411.5,27020.5,33626.9,40273.4,46995.7,53823.4,60783.1,67901,75196.3,82686.2,90388.3,98350.1,106587,115085,123821,132809,142078,151659,161591,171906,182505,193513,205076,216397,210628,205064,199947,197231,196324,196518,197464,199050,201220,203934,207225,211112,215804,221267,226967,232742,238556,244409,250303,256247,264912,277161,289892,303209,317246,332161,348114,365241,383628,403141,423320,442886,458587,467589,
6603.36,13016.8,19315.3,25559.4,31800.1,38079.6,44432.3,50886.7,57468.5,64203,71108.2,78200.1,85495.4,93043.1,100857,108922,117214,125748,134551,143653,153092,162898,172956,183398,194375,205143,199828,194726,190049,187639,186939,187290,188352,190017,192237,194975,198266,202131,206771,212157,217779,223483,229236,235037,240889,246797,255343,267367,279879,292978,306791,321471,337169,354017,372100,391288,411120,430306,445614,454231,
429.112,1001.8,1709.67,2536.45,3463.35,4471.62,5543.42,6661.82,7809.86,8971.28,10131.2,11275.5,12390.8,13458.9,14467.9,15412.3,16288.4,17087.8,17800.9,18418.6,18931.3,19331.3,19631.6,19805.3,19824,19746.2,21101.9,22379.8,23570.6,24454.8,25105.7,25640.8,26177.4,26822,27699.1,28960.8,30786.2,33428.9,37194.7,42530,50058.8,60025.7,70598.5,77731.9,81471.7,84000.4,86196.8,88675.9,91976.7,96248.9,101663,108425,116780,127008,139432,154191,171435,191071,210327,224940,
1228.53,2678.16,4324.16,6144.13,8115.01,10213.8,12418,14704.8,17049.9,19427.6,21814.1,24185.7,26519.4,28773.7,30927.8,32977.5,34920.6,36743.6,38432,39972.9,41354.5,42574.1,43702,44676.9,45440.7,46141.6,50229.6,54439,58787.5,62753.5,66453.2,70098.1,73944.3,78205.3,83142.7,89108.4,96523,105733,115922,123387,125540,124800,123275,121751,120500,119620,118615,117590,117343,118003,119759,122851,127573,134268,143348,155070,169823,187932,206937,222357,
2849.17,6082.04,9682.83,13636.9,17925.1,22524.3,27408.3,32543.8,37892.2,43405.2,49033.6,54727.2,60428.4,66010.9,71407.3,76607,81592.4,86318.1,90743.9,94835.6,98567.6,101977,105355,108467,111148,113336,122314,131972,142355,152537,162425,172496,183542,196109,210274,224094,232885,235839,235571,233914,231918,229922,228039,226313,224758,223383,222193,219003,215841,213203,211262,210253,210466,212232,215949,222102,230825,243341,259974,277805,
6810.73,14519.2,23079.7,32385.5,42273.6,52559.8,63088.7,73757.9,84534.5,95423.2,106493,117845,129570,141545,153839,166639,179988,193835,208023,222305,236332,249888,263715,276623,287712,296592,300719,304527,310093,318734,330735,344405,357204,366603,372925,377374,380807,383726,386438,389103,391758,394443,397186,400009,402925,405940,409060,413164,417581,422342,427767,434276,442327,452362,464783,479937,497116,517653,541460,564493,
11180.3,21999.7,32418,42501.8,52351.3,62062.2,71717.5,81390,91145.2,101028,111093,121396,131982,142796,153891,165375,177265,189605,202438,215813,229788,244473,260428,277482,295532,313378,307379,300868,294564,291148,289665,288871,288820,289514,290923,293006,295808,299362,303926,309443,315230,321092,326991,332933,338927,344984,354238,367558,381282,395596,410746,427018,444692,464004,485123,507770,531647,556237,578011,593269,
7608.62,15028.2,22336.7,29593.6,36849.2,44145.6,51518.5,58999.2,66617.1,74396.2,82361.2,90536.1,98942.2,107588,116497,125690,135153,144906,154979,165403,176219,187481,199316,211738,224803,237586,231098,224606,218555,215172,213781,213509,214115,215490,217556,220246,223577,227559,232404,238065,243971,249948,255963,262016,268115,274271,283251,295906,309025,322732,337191,352596,369143,387003,406298,426858,448293,469586,487384,498530,
5997.75,11942.4,17876.2,23833.3,29844.5,35936.7,42133.3,48455.1,54922.2,61552.6,68363,75369,82585.9,90033.9,97727.8,105672,113847,122268,130958,139941,149252,158928,168993,179500,190531,201311,195814,190428,185496,182904,182089,182331,183370,185098,187444,190352,193836,197906,202748,208327,214138,220027,225960,231940,237971,244065,252730,264773,277295,290408,304252,318998,334819,351873,370274,389883,410294,430390,446884,456738,
5270.27,10523.2,15791.2,21101.6,26479.5,31946.9,37523.4,43226.5,49072.6,55077.8,61255.6,67619,74180.6,80964.1,87981.6,95231.8,102695,110384,118319,126524,135028,143863,153020,162564,172587,182398,177544,172835,168561,166429,165932,166434,167675,169556,172013,174997,178523,182599,187399,192893,198614,204418,210276,216188,222161,228206,236685,248375,260554,273325,286822,301204,316635,333267,351209,370336,390235,409756,425644,434901,
4866.2,9726.2,14608.9,19539.2,24539.9,29631.1,34830.8,40154.8,45618.3,51236.1,57020.6,62983.2,69135.6,75502.7,82095.7,88910.6,95928.5,103161,110627,118350,126357,134679,143290,152262,161691,170940,166506,162229,158369,156523,156221,156872,158226,160186,162696,165709,169242,173302,178059,183484,189136,194880,200686,206557,212498,218519,226890,238367,250338,262903,276189,290347,305537,321903,339556,358373,377943,397108,412630,421530,
889.335,1886.39,2976.04,4144.34,5377.23,6660.85,7982,9327.2,10683.2,12036.9,13375.9,14688.8,15964.5,17184.4,18339,19427.2,20448.6,21396.2,22261.4,23036.6,23713.2,24287.9,24783.6,25165.8,25403.3,25472.4,27419.2,29451.9,31500.3,33260.3,34689.5,35919.8,37083,38285.5,39646.6,41312.3,43454,46320.4,50185.2,55501.7,62894.5,72568.5,82637.1,88881.6,91403.6,92605.5,93674.2,94521,96059.8,98526.7,102063,106848,113109,121112,131173,143645,158552,176262,195911,213880,
1733.93,3626.8,5664.26,7832.33,10114.9,12494.7,14954,17474.4,20034.8,22612.5,25186.6,27736.1,30240.2,32656.8,34967.5,37172.3,39272.3,41255.6,43109,44820.6,46379.8,47786.1,49122.3,50322.4,51324.6,52300.4,57158.5,62204.3,67439.4,72242.3,76716.2,81074.5,85583.3,90454.1,95944.4,102402,110236,119767,130101,137437,139253,138085,136069,133988,132107,130528,128609,126430,124981,124394,124859,126618,129971,135273,142966,153360,166945,184213,202880,218437,
3374,7063.87,11067.2,15379.2,19988.5,24877.9,30025.7,35405.5,40981.6,46707.3,52539.1,58429,64324.3,70096.2,75680.9,81071.9,86253.1,91182.7,95818.4,100126,104081,107701,111309,114693,117671,120566,130931,141670,152977,163785,174382,185210,197053,210412,225205,239127,247612,250458,250256,248625,246603,244534,242527,240623,238839,237187,234288,229998,226146,222887,220437,219058,219055,220778,224672,231007,240540,254639,271810,287701,
7296.51,15393.2,24248.4,33761.4,43768.9,54093.5,64579,75134.9,85740.7,96406.9,107211,118262,129657,141281,153209,165640,178629,192135,206012,220027,233844,247252,260993,273893,285045,294056,299279,304271,311024,320710,333532,347767,360879,370428,376819,381287,384697,387542,390116,392582,395017,397467,399966,402535,405189,407935,410778,414300,418076,422189,426962,432813,440202,449568,461320,475811,492350,512310,535675,558458,
11039.4,21562.2,31591.2,41231.4,50602.4,59810.3,68943.9,78081.1,87288.3,96608.6,106101,115820,125810,136010,146475,157313,168547,180225,192386,205078,218358,232374,247690,264074,281434,299856,295971,290451,284637,281051,279544,278771,278780,279559,281067,283255,286154,289784,294448,299974,305735,311571,317460,323409,329429,335524,341697,353583,366782,380434,394737,409957,426391,444317,463971,485488,508305,532439,556334,575907,
6968.98,13761.9,20458.2,27116.3,33782.6,40495.5,47287.2,54187,61221.2,68410.5,75778.5,83347.9,91138.3,99150,107405,115928,124708,133766,143128,152824,162891,173392,184479,196136,208408,221398,216527,210690,204867,201187,199663,199348,199988,201451,203638,206465,209933,214035,219015,224733,230668,236680,242749,248877,255074,261343,267681,279068,291712,304841,318587,333132,348681,365433,383561,403161,423860,445285,465602,481053,
5267.61,10520.9,15793.2,21111.4,26499.5,31978.6,37567.7,43283.8,49143.4,55161.3,61351.9,67729.3,74306.9,81096.1,88110.7,95358.9,102825,110521,118469,126690,135215,144079,153341,163029,173206,183163,178280,173482,169117,166919,166376,166818,168026,169900,172372,175384,178946,183061,187901,193435,199201,205061,210990,216990,223068,229227,237801,249544,261746,274512,287984,302337,317754,334405,352416,371661,391753,411623,427992,437765,
4519.71,9068.04,13666.6,18334.1,23087.7,27943.2,32915,38016.7,43261.3,48660.9,54226.9,59970.5,65902.6,72037.9,78387.2,84952.6,91717.6,98694.2,105901,113357,121089,129129,137497,146241,155431,165159,161608,157465,153438,151127,150564,151064,152366,154352,156942,160071,163740,167941,172871,178425,184186,190039,195966,201970,208059,214235,220499,231072,242795,255019,267854,281446,295966,311589,328468,346691,365954,385779,404282,417835,
4103.65,8249.79,12455.7,16737,21108.2,25583.1,30174.2,34893.4,39752.1,44761.4,49931.3,55271.5,60791.6,66508.1,72430.6,78558,84875.4,91392.9,98127.4,105099,112330,119853,127670,135836,144428,153537,150345,146627,143026,141035,140684,141346,142767,144836,147481,150641,154317,158504,163388,168874,174568,180362,186241,192207,198267,204424,210676,221070,232591,244616,257249,270630,284925,300299,316905,334829,353777,373265,391412,404612,
1158.9,2397.36,3704.92,5071.37,6485.47,7935.86,9411.27,10900.5,12391.9,13873.1,15333.6,16763.2,18151.7,19480,20740.1,21932.4,23058.6,24112.4,25086,25971.9,26762.2,27452.4,28073.1,28590.6,28970.4,29308.2,31868.4,34460.9,37054.6,39274.7,41175.7,42879.3,44513.6,46176.3,47977.8,50057.2,52576.5,55771.8,59909.8,65407.5,72866,82350.8,91681,96792.6,98239.9,98452,98109,97775.5,98294.3,99824.5,102550,106693,112522,120350,130552,143348,159025,177698,196787,211894,
2005.1,4139.08,6392.65,8755.63,11215,13756.3,16363.9,19021.1,21709,24405.8,27092.4,29749,32355.9,34871.1,37277.1,39576,41770.7,43850.2,45801.7,47614,49276.9,50790.9,52244.3,53569.2,54701.8,55827.6,61132.7,66666.9,72422.7,77719.2,82652.2,87437.4,92344.7,97583.7,103408,110162,118241,127942,138312,145493,147029,145535,143162,140695,138402,136391,133933,131089,128955,127656,127378,128358,130896,135352,142183,151733,164555,181243,199635,215223,
3640.93,7563.21,11769.3,16258,21020.5,26042.3,31304.3,36779.3,42434.5,48226.4,54111.3,60043.5,65972.1,71770.9,77377.4,82789.3,87992.1,92946,97609.3,101951,105948,109640,113333,116788,119834,122411,132562,143544,155360,166926,178081,189305,201395,214879,229788,244099,253117,256149,255843,254033,251809,249511,247252,245079,243017,241085,239302,235037,230706,226882,223729,221471,220383,220780,223050,227678,234830,245831,261230,278375,
7536.59,15824.5,24824.3,34435.6,44494.8,54822.5,65267.8,75744.1,86235.7,96757.4,107391,118251,129437,140838,152537,164735,177492,190776,204448,218283,231951,245248,258912,271772,282931,291989,297837,303503,310941,321223,334517,349077,362366,372000,378430,382910,386298,389090,391562,393886,396159,398437,400754,403133,405589,408133,410773,413914,417280,420984,425349,430790,437764,446712,458041,472111,488242,507831,530901,553505,
10904.7,21219.6,30986.8,40326,49369.3,58230.5,67002.8,75764.7,84584.6,93507.4,102590,111887,121442,131194,141194,151557,162306,173483,185132,197299,210037,223460,238165,253962,270730,287410,282953,277928,272989,270521,269672,269309,269568,270484,272041,274210,277035,280552,285001,290340,295956,301679,307475,313343,319282,325288,334217,346863,359877,373445,387818,403290,420155,438662,459002,480912,504128,528200,549625,564624,
6592.85,13010.8,19333.2,25617,31908.3,38244.2,44656.2,51171.6,57815.9,64609,71573,78729.7,86098.2,93675.2,101481,109545,117857,126435,135307,144498,154045,164001,174540,185645,197343,208821,203445,198019,192980,190299,189389,189463,190348,191951,194197,197024,200442,204462,209275,214849,220681,226624,232646,238741,244904,251126,259895,271988,284501,297558,311330,326020,341836,358968,377557,397449,418284,439110,456595,467500,
4862.17,9722.24,14610.7,19551.6,24566.3,29673.8,34890.9,40233.1,45715.4,51351,57153.2,63135.3,69309.8,75684.2,82271.6,89082.2,96102.1,103344,110826,118570,126605,134966,143725,152903,162550,172003,167521,163110,159115,157171,156801,157368,158675,160628,163161,166215,169802,173926,178757,184270,190032,195911,201879,207928,214050,220238,228721,240228,252170,264656,277835,291887,306998,323344,341059,360020,379854,399510,415722,425369,
4098.16,8239.28,12441.3,16719.4,21088.1,25560.7,30149.5,34866.2,39722,44727.6,49893.4,55229.4,60745.6,66452.9,72361.4,78475.6,84781.2,91288.2,98013.4,104975,112199,119716,127563,135772,144406,152881,149006,145239,141874,140370,140305,141123,142628,144734,147379,150514,154148,158286,163082,168520,174202,180007,185910,191904,197980,204131,212440,223606,235215,247371,260214,273911,288643,304576,321843,340334,359670,378771,394401,403479,
3677.68,7413.17,11219.9,15109.9,19094.8,23185.9,27393.4,31727.3,36197.3,40812.9,45582.9,50516,55621.1,60910.3,66392.7,72070.2,77928.8,83977.7,90232.5,96710.6,103436,110438,117735,125370,133407,141316,137842,134492,131527,130300,130422,131385,133000,135186,137885,141051,144695,148822,153579,158954,164573,170324,176183,182142,188194,194329,202537,213496,224905,236862,249499,262979,277475,293151,310135,328324,347342,366100,381383,390128,
4396.84,8801.27,13205.1,17599.8,21975,26319.2,30620.8,34867.6,39046.6,43145.6,47152.7,51056.7,54847.3,58514.5,62051.2,65456.4,68745.4,71914.1,74955.7,77864.9,80635.9,83262.8,85730.8,88042,90188.7,92153,93910.8,95429.9,96670.1,97552.8,106242,115488,124546,132876,139740,144448,147244,149780,nan,nan,nan,nan,nan,nan,nan,nan,nan,nan,nan,nan,nan,nan,nan,nan,nan,nan,nan,nan,nan,nan,
5188.73,10420.3,15680.5,20991.3,26365.3,31712.9,37033.1,42318.5,47556.6,52731.3,57823.3,62814.4,67686.1,72407.4,76962.8,81351.7,85591.3,89677,93598.1,97345.7,100911,104290,107526,110590,113444,116057,118383,120350,121980,123234,134481,146733,159247,171676,183542,194644,205436,217223,nan,nan,nan,nan,nan,nan,nan,nan,nan,nan,nan,nan,nan,nan,nan,nan,nan,nan,nan,nan,nan,nan,
6623.14,13357.6,20218.4,27313.5,34629.9,41974.1,49374.8,56827.4,64317.9,71817.8,79295.2,86721.7,94064.8,101232,108181,114921,121463,127785,133850,139629,145094,150237,155325,160214,164732,168801,172293,174985,177136,178843,194325,211507,229570,248360,267472,287459,309463,335157,nan,nan,nan,nan,nan,nan,nan,nan,nan,nan,nan,nan,nan,nan,nan,nan,nan,nan,nan,nan,nan,nan,
9686.93,19702.3,29915.9,40131.8,50119.9,59664.8,68614.2,76912.9,84593.3,91728.4,98452.2,104923,111292,117561,123886,130534,137685,145440,153834,162836,172310,182100,192757,203490,213521,222371,229394,234049,237302,239739,251414,264873,279813,296568,315019,337604,366121,396365,nan,nan,nan,nan,nan,nan,nan,nan,nan,nan,nan,nan,nan,nan,nan,nan,nan,nan,nan,nan,nan,nan,
8431.14,15261.4,20734.6,25110.1,28611.5,31412.1,33645.7,35419.5,36826.3,37936.4,38824.2,39561.4,40208.7,40768.2,41315,41960.4,42780.2,43842.7,45216.6,46980.7,49224.9,52077.8,55917.2,60773.7,66728.5,73985.7,82681.8,92846.8,104822,118456,128923,139860,151867,164812,177501,190167,203025,214751,nan,nan,nan,nan,nan,nan,nan,nan,nan,nan,nan,nan,nan,nan,nan,nan,nan,nan,nan,nan,nan,nan,
1523.64,2474.4,3043.84,3379.74,3493.06,3447.12,3405.55,3481.9,3724.95,4127.06,4653.62,5264.06,5921.55,6594.87,7260.41,7897.48,8489.16,9018.26,9469.08,9827.46,10079.2,10210.1,10193.7,10019.9,9677.18,9147.39,8410.48,7444.04,6208.49,4721.23,3782.06,7699.72,17018.5,27792.8,39579,52057,64418.9,75421.3,nan,nan,nan,nan,nan,nan,nan,nan,nan,nan,nan,nan,nan,nan,nan,nan,nan,nan,nan,nan,nan,nan,
432.54,1029.6,1772.59,2628.94,3578.48,4606.89,5699.13,6840.67,8016.44,9211.55,10411.3,11601.1,12767.6,13904.8,15001.5,16042.9,17021.7,17929.2,18757.1,19497.5,20143.3,20686,21078.6,21334.9,21470.1,21483,21377.5,21166.4,20793.2,20211.9,20719.4,20922.2,20759.8,20482.9,21206.7,24952.1,32415.2,41592.7,nan,nan,nan,nan,nan,nan,nan,nan,nan,nan,nan,nan,nan,nan,nan,nan,nan,nan,nan,nan,nan,nan,
899.054,1906.15,3004.65,4180.27,5419.05,6707.78,8033.93,9385.24,10749,12114.2,13468.7,14800.6,16099.1,17362.6,18581.6,19741.8,20838.6,21864.2,22811.8,23675.3,24449.1,25123.6,25644.6,26038.5,26324,26500.8,26580.4,26572.3,26407.5,26025.8,27152.7,27933,28080.6,27369.8,25889.8,24806.9,27802.8,36297.6,nan,nan,nan,nan,nan,nan,nan,nan,nan,nan,nan,nan,nan,nan,nan,nan,nan,nan,nan,nan,nan,nan,
1168.58,2415.31,3728.27,5097.09,6511.13,7959.92,9433.17,10920.5,12410.8,13894.5,15360.9,16798.8,18198.6,19560.6,20876,22130.8,23321.7,24441.6,25484.2,26444.3,27316.9,28092.3,28712.6,29207.3,29597.2,29882.2,30074.8,30184.8,30136.6,29860.4,31397.6,32588.6,33051.8,32373.2,30148.3,26288,23504.6,27701.7,nan,nan,nan,nan,nan,nan,nan,nan,nan,nan,nan,nan,nan,nan,nan,nan,nan,nan,nan,nan,nan,nan,
5171.95,10385.3,15629.5,20893.6,26163.4,31423.3,36656.4,41845.1,46969.9,52013.4,56957.4,61783.9,66477.2,71034,75443.8,79694.9,83801.2,87755.6,91549.6,95176.8,98631.1,101901,104914,107712,110319,112731,114952,116984,118737,120112,131103,142947,154838,166255,176511,184738,190948,196729,nan,nan,nan,nan,nan,nan,nan,nan,nan,nan,nan,nan,nan,nan,nan,nan,nan,nan,nan,nan,nan,nan,
5915.25,11901.3,17946.3,24037.4,30157,36285.1,42400.3,48480.1,54499.7,60435,66263.3,71962.3,77512.2,82893.5,88091.9,93101.9,97942.3,102605,107079,111355,115426,119286,122913,126316,129491,132420,135081,137443,139472,141093,154214,168522,183158,197673,211448,223922,235456,247804,nan,nan,nan,nan,nan,nan,nan,nan,nan,nan,nan,nan,nan,nan,nan,nan,nan,nan,nan,nan,nan,nan,
7293.54,14747.4,22349.4,30082.5,37921.5,45835.5,53790.6,61752.6,69684.3,77547.3,85312.5,92954.2,100450,107733,114777,121596,128215,134614,140766,146647,152235,157530,162712,167656,172244,176418,180053,183017,185485,187485,204501,223353,243105,263490,283990,304850,327226,353183,nan,nan,nan,nan,nan,nan,nan,nan,nan,nan,nan,nan,nan,nan,nan,nan,nan,nan,nan,nan,nan,nan,
10058.7,20105.9,30056.2,40123.6,49984.6,58935.2,66984.6,74132,80449.9,86046.2,91071.3,95696.5,100081,104259,108407,112784,117595,122992,129085,135933,143534,151800,161193,171174,181028,190222,198137,204025,208530,212100,225680,241110,258097,276994,297706,322061,350460,377203,nan,nan,nan,nan,nan,nan,nan,nan,nan,nan,nan,nan,nan,nan,nan,nan,nan,nan,nan,nan,nan,nan,
7809.7,13779.5,18192,21338.7,23470.3,24787.2,25452.1,25602.8,25365.5,24846.5,24149.6,23367.2,22570.5,21789,21078.2,20489.2,20040,19727.3,19541.9,19478.2,19543.4,19773,20294.6,21180.8,22594.7,24856.5,28419.8,33838.6,41782.3,52481.4,65200.7,78666.6,92589.4,106609,119882,132976,146484,159097,nan,nan,nan,nan,nan,nan,nan,nan,nan,nan,nan,nan,nan,nan,nan,nan,nan,nan,nan,nan,nan,nan,
795.939,1364.15,2025.73,2928.82,4088.09,5471.42,7039.13,8752.76,10575.9,12476.3,14422.8,16384.6,18334,20255.5,22126.9,23917.9,25610.9,27185.6,28624.9,29913.4,31038,31979.6,32651.7,33092.5,33330.6,33364,33206.6,32865.5,32229.8,31202.2,31723.8,31740,31119.1,29891.3,28510.6,28342.1,32020,39779.5,nan,nan,nan,nan,nan,nan,nan,nan,nan,nan,nan,nan,nan,nan,nan,nan,nan,nan,nan,nan,nan,nan,
1237.6,2695.73,4345.96,6163.95,8125.85,10209,12391.8,14652,16966.6,19314.4,21672.4,24016.4,26324.7,28594.5,30807,32932,34957.1,36866.7,38648.4,40292.3,41790.3,43126.1,44190.7,45047.8,45748.4,46304.5,46754,47135.8,47331.1,47250.4,50008.1,52514.8,54356.5,55081.2,54092.5,50294.6,43288.6,35289.3,nan,nan,nan,nan,nan,nan,nan,nan,nan,nan,nan,nan,nan,nan,nan,nan,nan,nan,nan,nan,nan,nan,
1745.59,3647.12,5686.91,7849.78,10119.6,12479.8,14913.7,17403.2,19928.6,22471.9,25012.3,27527.9,29998.9,32426.8,34794.4,37071.6,39248.6,41311.5,43249.3,45053.7,46718,48226.6,49462.4,50496.2,51385.1,52142.9,52812.7,53438.8,53894.9,54085.2,57684.6,61122.2,63909.9,65515.1,65217.2,61675.9,54070.7,43712.3,nan,nan,nan,nan,nan,nan,nan,nan,nan,nan,nan,nan,nan,nan,nan,nan,nan,nan,nan,nan,nan,nan,
2016.92,4159,6413.46,8769.11,11213.2,13731.8,16310.6,18933.3,21581.8,24239.7,26887.4,29504.2,32071.2,34591.9,37050.1,39416.1,41681.4,43833.1,45860.8,47756.8,49515.2,51120.5,52451.9,53583.2,54573.5,55437.3,56218.9,56964.3,57542.8,57854.8,61901.8,65836,69135.6,71238.6,71382.7,68158.2,60653.8,49966.8,nan,nan,nan,nan,nan,nan,nan,nan,nan,nan,nan,nan,nan,nan,nan,nan,nan,nan,nan,nan,nan,nan,
6623.06,13389.5,20283.4,27286.4,34371.4,41506,48654.8,55778.7,62838.6,69805,76646.9,83337.1,89855.4,96239,102481,108543,114431,120127,125613,130871,135886,140619,144782,148548,152054,155342,158517,161699,164627,167124,182129,198408,215088,231705,247797,262056,274022,285115,nan,nan,nan,nan,nan,nan,nan,nan,nan,nan,nan,nan,nan,nan,nan,nan,nan,nan,nan,nan,nan,nan,
7355.36,14931,22649.9,30407.3,38261.5,46187.3,54102.8,61955.9,69699.3,77295.4,84714.3,91932.2,98936.1,105760,112407,118854,125123,131212,137106,142789,148244,153445,158153,162471,166512,170305,173904,177427,180665,183458,200695,219614,239330,259543,280051,300100,319642,339852,nan,nan,nan,nan,nan,nan,nan,nan,nan,nan,nan,nan,nan,nan,nan,nan,nan,nan,nan,nan,nan,nan,
8522.37,17236,26106.5,35090,44129.3,53159.2,62112.5,70925.1,79541.1,87919.5,96037.8,103890,111484,118834,125958,132885,139665,146300,152775,159072,165163,171023,176618,181934,186946,191620,195914,199787,203222,206149,226100,248214,271477,295597,320156,344845,370266,398232,nan,nan,nan,nan,nan,nan,nan,nan,nan,nan,nan,nan,nan,nan,nan,nan,nan,nan,nan,nan,nan,nan,
10835.6,21730,32440.8,42660.8,52071.1,60405.9,67507.8,73351.6,78029.8,81692.1,84540.3,86793.1,88654.1,90252.7,91799.7,93551.6,95727.7,98497.7,102002,106356,111610,117757,125030,133054,141361,149537,157049,163386,168791,173389,189610,207685,227104,247986,270122,294648,322066,347788,nan,nan,nan,nan,nan,nan,nan,nan,nan,nan,nan,nan,nan,nan,nan,nan,nan,nan,nan,nan,nan,nan,
6530.07,10752.6,13447.2,15248.3,16207,16525,16742.7,17234.2,18224.1,19795,21928.6,24542.2,27527.7,30792.4,34242.7,37765.8,41265.3,44642.1,47805.9,50675.8,53175.8,55232,56599.2,57308.8,57405.5,56844.2,55562.9,53492.9,50284.8,45761,43215,40438,37257.3,32980.1,26762.8,18075.3,7378.31,7376.24,nan,nan,nan,nan,nan,nan,nan,nan,nan,nan,nan,nan,nan,nan,nan,nan,nan,nan,nan,nan,nan,nan,
1645.25,3802.35,6456.42,9568.98,13093.3,16982.3,21189.5,25665,30355.8,35214,40185.4,45213.1,50243.8,55283,60286.4,65166,69871,74350.2,78562.7,82474.2,86059.6,89271,91775.9,93785.3,95484.6,96942.2,98311.3,99754.8,100964,101758,107314,112768,117802,122141,125467,126245,123421,118132,nan,nan,nan,nan,nan,nan,nan,nan,nan,nan,nan,nan,nan,nan,nan,nan,nan,nan,nan,nan,nan,nan,
2867.88,6114.22,9712.52,13640.8,17872.8,22379,27126.6,32076.9,37185.7,42414.1,47714.5,53036.6,58333.9,63626,68874.4,73993.2,78939.1,83667.2,88142.1,92335.2,96226.4,99770.2,102611,104982,107086,108999,110897,112969,114899,116519,124193,132042,139564,146335,151932,154660,153393,149260,nan,nan,nan,nan,nan,nan,nan,nan,nan,nan,nan,nan,nan,nan,nan,nan,nan,nan,nan,nan,nan,nan,
3389.91,7085.66,11073.7,15341.8,19871.6,24639.3,29616.9,34769.1,40055.3,45440,50878.3,56323,61730.6,67125.9,72473.4,77689.1,82733.4,87563.9,92147.5,96457.2,100474,104153,107133,109649,111908,113989,116066,118334,120472,122306,130769,139511,147976,155706,162254,165885,165474,162147,nan,nan,nan,nan,nan,nan,nan,nan,nan,nan,nan,nan,nan,nan,nan,nan,nan,nan,nan,nan,nan,nan,
3659.99,7593.16,11790.6,16243.9,20937.6,25850.4,30955.9,36220.9,41606,47077.5,52592.3,58104.5,63572.5,69023.7,74424.4,79691.8,84788.9,89674.3,94316.2,98688.3,102772,106523,109577,112170,114511,116675,118840,121199,123429,125351,134230,143443,152411,160658,167730,171880,171988,169179,nan,nan,nan,nan,nan,nan,nan,nan,nan,nan,nan,nan,nan,nan,nan,nan,nan,nan,nan,nan,nan,nan,
9702.64,19690.1,29773.2,39707,49227.8,58129.2,66306.9,73756,80556.9,86839,92721,98317.4,103738,109231,114887,120696,126723,133032,139672,146664,153984,161491,168326,174722,180873,186784,192732,199107,205249,210834,224460,238898,253765,268811,284091,297262,306053,309241,nan,nan,nan,nan,nan,nan,nan,nan,nan,nan,nan,nan,nan,nan,nan,nan,nan,nan,nan,nan,nan,nan,
10287.4,21077.2,31995.5,42270.2,51738.2,60499.7,68300.1,75155.9,81170.5,86484.4,91248.7,95595.8,99657.8,103675,107751,111903,116229,120824,125776,131150,136989,143260,149310,155253,161221,167161,173157,179559,185794,191517,206762,223068,239954,257197,274881,291094,303813,311493,nan,nan,nan,nan,nan,nan,nan,nan,nan,nan,nan,nan,nan,nan,nan,nan,nan,nan,nan,nan,nan,nan,
10984,22244.3,33352.1,43560.2,52633.2,60566.4,67182,72561.8,76870.5,80311.5,83087.5,85387.5,87388.2,89305.9,91255.1,93297.9,95542.8,98082.3,100992,104348,108214,112624,117333,122389,127793,133428,139221,145226,151092,156548,173454,191907,211225,231102,251289,270309,286498,298586,nan,nan,nan,nan,nan,nan,nan,nan,nan,nan,nan,nan,nan,nan,nan,nan,nan,nan,nan,nan,nan,nan,
11692.9,22652.1,32288.7,40016.6,45435.4,48455.5,49293.8,48363.5,46142.1,43051.1,39431.4,35548.4,31605.2,27771.6,24219.5,21154.6,18819,17475.2,17310.6,18285.5,20061,22252.3,24843.2,27991.4,31876.8,36513.6,41689.7,47061.5,52436,57595.5,67344.2,78165.4,89663.5,101540,113200,124014,132624,135061,nan,nan,nan,nan,nan,nan,nan,nan,nan,nan,nan,nan,nan,nan,nan,nan,nan,nan,nan,nan,nan,nan,
4289.07,6575.13,8468.8,11463.6,16203.2,22585.9,30279,38974.9,48458,58601.6,69315,80536.4,92225.3,104501,117343,130598,144141,157856,171606,185203,198412,210866,221342,230118,237568,243837,249354,254431,257613,257526,244580,230490,218613,211140,209411,211476,214786,217657,nan,nan,nan,nan,nan,nan,nan,nan,nan,nan,nan,nan,nan,nan,nan,nan,nan,nan,nan,nan,nan,nan,
5441.53,12048.5,19673.5,28129.2,37184.4,46617.4,56263,66024.3,75879.4,85868.2,96025.7,106389,116997,128078,139660,151610,163852,176325,188946,201591,214085,226112,236347,245204,253156,260438,267708,275764,283753,291377,294380,297038,300007,303515,308323,312355,313735,311574,nan,nan,nan,nan,nan,nan,nan,nan,nan,nan,nan,nan,nan,nan,nan,nan,nan,nan,nan,nan,nan,nan,
6837.77,14538.3,22994.1,32041.4,41466.1,51064.8,60694,70281.8,79832.3,89409.4,99067.7,108861,118844,129261,140150,151392,162929,174715,186685,198731,210697,222280,232164,240757,248516,255645,262770,270661,278456,285844,290971,295998,301355,307122,313948,319573,321971,320187,nan,nan,nan,nan,nan,nan,nan,nan,nan,nan,nan,nan,nan,nan,nan,nan,nan,nan,nan,nan,nan,nan,
7325.08,15411.1,24156.6,33400.3,42930.9,52550.1,62122.1,71584.8,80952.5,90298.3,99684.8,109173,118823,128885,139402,150261,161415,172825,184435,196144,207805,219123,228796,237226,244853,251868,258874,266620,274242,281419,287412,293398,299728,306442,314139,320499,323432,321942,nan,nan,nan,nan,nan,nan,nan,nan,nan,nan,nan,nan,nan,nan,nan,nan,nan,nan,nan,nan,nan,nan,
7562.43,15837.7,24724.3,34060.3,43634.5,53250.3,62776.2,72154.6,81405.5,90606.7,99824.9,109125,118570,128413,138701,149323,160239,171414,182797,194293,205761,216909,226446,234771,242312,249252,256180,263830,271340,278385,284859,291377,298244,305481,313660,320434,323677,322371,nan,nan,nan,nan,nan,nan,nan,nan,nan,nan,nan,nan,nan,nan,nan,nan,nan,nan,nan,nan,nan,nan,
8639.23,15818.9,21349.8,25147.4,28004.5,30544.1,32673.6,34428.7,35859.7,37026.2,37988.7,38800.9,39520.5,40263.4,41069.7,41941.3,42915.1,44045.1,45392,47021.2,49008.8,51428.9,54121.1,57300.4,61202.5,65968.8,71783.5,78963.7,87315,96696.1,105287,114107,123143,131988,140199,145974,147947,146229,nan,nan,nan,nan,nan,nan,nan,nan,nan,nan,nan,nan,nan,nan,nan,nan,nan,nan,nan,nan,nan,nan,
7842.24,13798.6,18153.5,21234.7,23332.1,24674.6,25442.5,25785,25832.3,25701.2,25484.4,25259,25086.4,25039.6,25125.7,25324.4,25630.4,26038.8,26546.2,27159.1,27893.3,28774.1,29765.4,31023.9,32723.5,35031.5,38174.5,42411.1,47774.5,54266,63449.3,73253.3,83154.3,92455.7,100337,104803,104312,99488.3,nan,nan,nan,nan,nan,nan,nan,nan,nan,nan,nan,nan,nan,nan,nan,nan,nan,nan,nan,nan,nan,nan,
6701.8,11167.1,13831.9,15197.1,15760.6,15991.5,16308.8,17041.3,18377.4,20362.2,22938.7,25996.3,29409.4,33028.1,36711.3,40350.7,43859.4,47151.6,50151.1,52793.4,55025.1,56815.8,58260.6,59255.3,59722.9,59651.7,59041.3,57945.3,56617.4,55268.1,58514.1,62274.9,65808,68232,68381.3,65238.8,59219.4,53795.6,nan,nan,nan,nan,nan,nan,nan,nan,nan,nan,nan,nan,nan,nan,nan,nan,nan,nan,nan,nan,nan,nan,
4303.61,6606.12,8580.1,11770.8,16847.3,23712.3,32027.8,41485.7,51857.4,62982.1,74781.2,87225.5,100306,113859,127852,142353,157297,172541,187846,202869,217171,230336,242890,253732,261880,266831,267984,265000,259309,251829,238923,227567,218810,213634,212859,219417,235599,258488,nan,nan,nan,nan,nan,nan,nan,nan,nan,nan,nan,nan,nan,nan,nan,nan,nan,nan,nan,nan,nan,nan,
6949.94,17077.7,28708.3,40944.9,53334.9,65827.9,78389.8,91030,103783,116692,129807,143177,156850,170883,185323,200205,215509,231272,247549,264399,281887,300076,318981,338655,359160,380528,402752,425720,448792,470845,453050,433833,417846,406616,399724,395366,391350,385836,nan,nan,nan,nan,nan,nan,nan,nan,nan,nan,nan,nan,nan,nan,nan,nan,nan,nan,nan,nan,nan,nan,
11228.2,22484.6,33517,44299.2,54894.1,65385,75850.5,86357.8,96967.4,107741,118717,129930,141413,153299,165612,178300,191324,204714,218522,232802,247615,262978,278484,294405,310983,328302,346603,366229,386624,407482,398477,388904,381204,375881,373257,371447,368169,362021,nan,nan,nan,nan,nan,nan,nan,nan,nan,nan,nan,nan,nan,nan,nan,nan,nan,nan,nan,nan,nan,nan,
11206.5,21981.2,32262.7,42140.6,51743.6,61191.4,70581.3,79990.1,89482.3,99121.9,108946,118985,129271,139946,151030,162460,174196,186264,198713,211594,224962,238824,252697,266888,281667,297119,313503,331190,349548,368220,361415,354298,349040,346023,345471,345238,342968,337475,nan,nan,nan,nan,nan,nan,nan,nan,nan,nan,nan,nan,nan,nan,nan,nan,nan,nan,nan,nan,nan,nan,
11050.5,21516.1,31391.2,40801.3,49897,58810.1,67645.3,76482.9,85389.2,94429.4,103640,113051,122694,132714,143128,153872,164906,176257,187972,200099,212694,225762,238795,252114,265998,280535,295988,312737,330133,347804,342180,336339,332315,330437,330883,331422,329684,324584,nan,nan,nan,nan,nan,nan,nan,nan,nan,nan,nan,nan,nan,nan,nan,nan,nan,nan,nan,nan,nan,nan,
11133.4,21899.3,31854.4,40613.9,48873.9,57362.1,65902.2,74482.8,83118.7,91844.4,100697,109705,118904,128442,138341,148544,159017,169781,180883,192370,204299,216704,229086,241707,254886,268740,283484,299622,316569,333957,329093,323905,320229,318257,318074,317687,315266,310040,nan,nan,nan,nan,nan,nan,nan,nan,nan,nan,nan,nan,nan,nan,nan,nan,nan,nan,nan,nan,nan,nan,
1587.44,2612.4,3194.37,3443.65,3479.52,3432.2,3428.47,3559.97,3858.19,4306.27,4866.09,5497.42,6165.89,6843.85,7504.83,8126.63,8694.4,9194.12,9613.36,9941.29,10168.1,10284.8,10279.9,10154,9911.85,9566.46,9156.27,8762.52,8544.67,8898.53,11030.3,15306,22046.4,30869.8,41407,53017.7,64787.2,75693.4,nan,nan,nan,nan,nan,nan,nan,nan,nan,nan,nan,nan,nan,nan,nan,nan,nan,nan,nan,nan,nan,nan,
829.598,1419.12,2090.06,2999.4,4170.58,5574.25,7170.29,8919.79,10784.2,12727.5,14716.2,16718.3,18704.2,20634.5,22481.2,24228.5,25865.4,27374.3,28737.9,29940,30965.7,31805.4,32494,32982.8,33224.6,33185.7,32816,32059.8,30917.8,29331.7,29471,28950.8,27310.4,24043.6,18618.8,12521.7,17782.3,33574.5,nan,nan,nan,nan,nan,nan,nan,nan,nan,nan,nan,nan,nan,nan,nan,nan,nan,nan,nan,nan,nan,nan,
1638.49,3787.64,6446.37,9586.48,13170.2,17157.1,21505.8,26173.5,31109.9,36257.1,41559.4,46956.8,52386.7,57720.8,62884.7,67854.7,72601.7,77076.9,81233.7,85032.7,88444.2,91475,94396.7,97009.2,99137.4,100703,101548,101508,100848,99651.8,104277,109030,113515,117706,121524,126189,133824,146189,nan,nan,nan,nan,nan,nan,nan,nan,nan,nan,nan,nan,nan,nan,nan,nan,nan,nan,nan,nan,nan,nan,
5357.1,11714,19080.7,27780.1,37521.5,47602,58020.6,68704.5,79627.5,90793.6,102248,114073,126345,138930,151883,165385,179472,194102,209143,224377,239471,254045,268850,282884,295027,304693,311296,314146,314941,314904,311350,309212,308921,311022,315617,325694,343241,363703,nan,nan,nan,nan,nan,nan,nan,nan,nan,nan,nan,nan,nan,nan,nan,nan,nan,nan,nan,nan,nan,nan,
11205.3,22502.5,33658,44624.3,55438.2,66161.4,76859.6,87596.8,98434.4,109417,120601,132040,143780,155786,168110,180849,194011,207640,221787,236502,251848,267926,285211,303572,322944,343410,364903,387140,410118,433166,422597,411481,403405,399298,398055,398794,400101,400017,nan,nan,nan,nan,nan,nan,nan,nan,nan,nan,nan,nan,nan,nan,nan,nan,nan,nan,nan,nan,nan,nan,
8980.92,17714.1,26275.2,34732,43146.6,51572.4,60055.1,68634.5,77346.9,86224.9,95297.1,104591,114131,123951,134074,144511,155239,166283,177679,189467,201692,214405,227639,241467,256001,271375,287786,305505,324737,345858,340553,334833,330288,327157,325718,325629,325690,324316,nan,nan,nan,nan,nan,nan,nan,nan,nan,nan,nan,nan,nan,nan,nan,nan,nan,nan,nan,nan,nan,nan,
7615.16,15030.2,22320.1,29547.2,36765.6,44020.9,51351,58788,66361.2,74098.5,82021.5,90150.2,98504.2,107128,116038,125228,134672,144389,154408,164764,175496,186638,198124,210064,222597,235851,250041,265466,282221,300597,296305,291810,288588,286904,287066,288495,289867,289692,nan,nan,nan,nan,nan,nan,nan,nan,nan,nan,nan,nan,nan,nan,nan,nan,nan,nan,nan,nan,nan,nan,
6968.83,13747.8,20411.5,27020.5,33626.9,40273.4,46995.7,53823.4,60783.1,67901,75196.3,82686.2,90388.3,98350.1,106587,115085,123821,132809,142078,151659,161590,171899,182486,193475,205016,217235,230352,244681,260277,277408,273859,270203,267830,267004,268032,270262,272338,272824,nan,nan,nan,nan,nan,nan,nan,nan,nan,nan,nan,nan,nan,nan,nan,nan,nan,nan,nan,nan,nan,nan,
6613.4,13076.7,19396.9,25530.4,31598.4,37806.5,44126.7,50562,57123,63826.1,70689.4,77728.4,84960.8,92435.2,100167,108146,116350,124788,133487,142476,151790,161463,171383,181659,192443,203862,216108,229520,244142,260202,256906,253467,251139,250084,250487,251710,252706,252407,nan,nan,nan,nan,nan,nan,nan,nan,nan,nan,nan,nan,nan,nan,nan,nan,nan,nan,nan,nan,nan,nan,
429.112,1001.8,1709.67,2536.45,3463.35,4471.62,5543.42,6661.82,7809.86,8971.28,10131.2,11275.5,12390.8,13458.9,14467.9,15412.3,16288.4,17087.8,17800.9,18418.6,18931.4,19331.8,19632.3,19804.4,19818,19647.2,19255.1,18595,17639.5,16316.3,15726.6,14349.4,11745.5,7556.72,5653.75,19536.8,36790.4,53390.7,nan,nan,nan,nan,nan,nan,nan,nan,nan,nan,nan,nan,nan,nan,nan,nan,nan,nan,nan,nan,nan,nan,
1228.53,2678.16,4324.16,6144.13,8115.01,10213.8,12418,14704.8,17049.9,19427.6,21814.1,24185.7,26519.4,28773.7,30927.8,32977.5,34920.6,36743.6,38432,39972.9,41354.3,42573.3,43699.1,44667.9,45419.4,45916.7,46095.2,45881.1,45313.4,44357.9,46264.9,47796.7,48504.7,48081.4,46360,44548,46266.4,54372.6,nan,nan,nan,nan,nan,nan,nan,nan,nan,nan,nan,nan,nan,nan,nan,nan,nan,nan,nan,nan,nan,nan,
2844.41,6038.18,9606.84,13664,18153.3,22884.5,27885.6,33146.6,38644.4,44342.8,50192.6,56143.7,62135.7,68033.2,73761.1,79305.1,84638.9,89715.3,94485.3,98911,102960,106628,110252,113649,116605,119033,120790,121630,121892,121736,128856,136511,144229,151971,159527,167908,178581,192928,nan,nan,nan,nan,nan,nan,nan,nan,nan,nan,nan,nan,nan,nan,nan,nan,nan,nan,nan,nan,nan,nan,
6812.73,14530.5,23104.6,32425.4,42327.5,52624.1,63151.5,73811.9,84573.9,95440.6,106483,117802,129492,141432,153692,166466,179803,193656,207880,222238,236386,250018,263928,277019,288314,297367,303550,306423,307645,308298,308815,310785,314379,320063,327862,340960,361897,387343,nan,nan,nan,nan,nan,nan,nan,nan,nan,nan,nan,nan,nan,nan,nan,nan,nan,nan,nan,nan,nan,nan,
11180.3,21999.7,32418,42501.8,52351.3,62062.2,71717.5,81390,91145.2,101028,111093,121396,131982,142796,153891,165375,177265,189605,202438,215813,229786,244462,260399,277423,295430,314494,334517,355177,376616,398290,390640,382829,377986,376781,377882,380641,383953,385957,nan,nan,nan,nan,nan,nan,nan,nan,nan,nan,nan,nan,nan,nan,nan,nan,nan,nan,nan,nan,nan,nan,
7608.62,15028.2,22336.7,29593.6,36849.2,44145.6,51518.5,58999.2,66617.1,74396.2,82361.2,90536.1,98942.2,107588,116497,125690,135153,144906,154979,165403,176217,187472,199291,211690,224724,238504,253168,268903,286015,304939,300770,296430,293325,291718,291859,293667,296070,297348,nan,nan,nan,nan,nan,nan,nan,nan,nan,nan,nan,nan,nan,nan,nan,nan,nan,nan,nan,nan,nan,nan,
5997.75,11942.4,17876.2,23833.3,29844.5,35936.7,42133.3,48455.1,54922.2,61552.6,68363,75369,82585.9,90033.9,97727.8,105672,113847,122268,130958,139941,149251,158919,168971,179457,190459,202081,214477,227864,242429,258520,255075,251661,249614,249254,250891,254210,257999,260607,nan,nan,nan,nan,nan,nan,nan,nan,nan,nan,nan,nan,nan,nan,nan,nan,nan,nan,nan,nan,nan,nan,
5252.4,10486.1,15735,21006.1,26306.2,31721.9,37259.3,42926.8,48735.2,54697.3,60826.7,67136.2,73639.1,80358.2,87306.3,94486.2,101879,109493,117347,125465,133872,142601,151639,161044,170906,181322,192437,204484,217606,232094,229077,226095,224334,224017,225321,227849,230633,232440,nan,nan,nan,nan,nan,nan,nan,nan,nan,nan,nan,nan,nan,nan,nan,nan,nan,nan,nan,nan,nan,nan,
4866.2,9726.2,14608.9,19539.2,24539.9,29631.1,34830.8,40154.8,45618.3,51236.1,57020.6,62983.2,69135.6,75502.7,82095.7,88910.6,95928.5,103161,110627,118350,126356,134671,143269,152221,161625,171583,182257,193882,206595,220703,218354,216184,215407,216357,219350,223970,228960,232739,nan,nan,nan,nan,nan,nan,nan,nan,nan,nan,nan,nan,nan,nan,nan,nan,nan,nan,nan,nan,nan,nan,
890.475,1889.45,2981.77,4153.61,5390.74,6679.24,8005.71,9357.12,10720,12080.9,13427.8,14749,16033.5,17262.3,18426.2,19523.6,20554.3,21511.3,22386.4,23171.3,23857.7,24440.2,24943.2,25333.1,25575.5,25643.6,25495.8,25080.3,24384.5,23347.7,23634.6,23296.7,21908.5,19157.5,15545.7,16798.9,29592,46237.7,nan,nan,nan,nan,nan,nan,nan,nan,nan,nan,nan,nan,nan,nan,nan,nan,nan,nan,nan,nan,nan,nan,
1733.93,3626.8,5664.26,7832.33,10114.9,12494.7,14954,17474.4,20034.8,22612.5,25186.6,27736.1,30240.2,32656.8,34967.5,37172.3,39272.3,41255.6,43109,44820.6,46379.6,47785.3,49119.3,50313.3,51302.8,52050.9,52488.7,52537.3,52250.5,51605.1,54415.2,56994.1,58861.1,59694.2,59240.2,58403.4,59937.3,66460.1,nan,nan,nan,nan,nan,nan,nan,nan,nan,nan,nan,nan,nan,nan,nan,nan,nan,nan,nan,nan,nan,nan,
3374,7063.87,11067.2,15379.2,19988.5,24877.9,30025.7,35405.5,40981.6,46707.3,52539.1,58429,64324.3,70096.2,75680.9,81071.9,86253.1,91182.7,95818.4,100126,104080,107697,111299,114668,117620,120077,121869,122815,123240,123275,130945,139171,147402,155517,163236,171673,182714,197988,nan,nan,nan,nan,nan,nan,nan,nan,nan,nan,nan,nan,nan,nan,nan,nan,nan,nan,nan,nan,nan,nan,
7300.86,15406.9,24276.8,33803.6,43824.2,54155.2,64638.6,75184.8,85771.6,96411.2,107183,118195,129550,141133,153022,165420,178388,191890,205793,219872,233795,247267,261081,274148,285497,294673,301039,304138,305600,306481,308175,311384,316218,323117,332060,346207,368059,394172,nan,nan,nan,nan,nan,nan,nan,nan,nan,nan,nan,nan,nan,nan,nan,nan,nan,nan,nan,nan,nan,nan,
10773.1,20683.9,30228.2,40045,49678.8,58734.8,67578.4,76372.4,85227.9,94213.6,103387,112803,122499,132411,142587,153137,164079,175444,187273,199608,212500,226028,240758,256568,273322,291089,309853,329308,349799,371153,366042,360730,357677,357107,357607,358814,360083,360146,nan,nan,nan,nan,nan,nan,nan,nan,nan,nan,nan,nan,nan,nan,nan,nan,nan,nan,nan,nan,nan,nan,
6884.3,13519.8,20096,26777.6,33450,40085.9,46774.3,53557.4,60468.1,67532.5,74774.1,82215.6,89876.2,97754.4,105871,114255,122896,131807,141011,150538,160419,170699,181530,192917,204883,217519,230938,245271,260840,278063,274308,270424,267646,266147,266009,267161,268801,269589,nan,nan,nan,nan,nan,nan,nan,nan,nan,nan,nan,nan,nan,nan,nan,nan,nan,nan,nan,nan,nan,nan,
5267.61,10520.9,15793.2,21111.4,26499.5,31978.6,37567.7,43283.8,49143.4,55161.3,61351.9,67729.3,74306.9,81096.1,88110.7,95358.9,102825,110521,118469,126690,135213,144071,153318,162984,173130,183850,195269,207571,220977,235844,232965,230236,228917,229354,231852,236182,241167,245097,nan,nan,nan,nan,nan,nan,nan,nan,nan,nan,nan,nan,nan,nan,nan,nan,nan,nan,nan,nan,nan,nan,
4515.01,9058.01,13650.6,18311.4,23057.8,27905.5,32869.2,37962.1,43197.2,48587,54142.6,59875.1,65795.5,71918.6,78255.2,84807.9,91560.4,98523.3,105715,113155,120868,128883,137219,145920,155056,164719,175042,186221,198437,212021,209749,207724,207140,208354,211684,216829,222576,227257,nan,nan,nan,nan,nan,nan,nan,nan,nan,nan,nan,nan,nan,nan,nan,nan,nan,nan,nan,nan,nan,nan,
4099.54,8240.87,12441.4,16716.7,21081.5,25549.5,30133.4,34844.8,39695.2,44695.8,49856.6,55187,60696.9,66402.6,72313.6,78430.2,84736.2,91241.6,97963.2,104920,112136,119636,127424,135551,144093,153140,162830,173363,184905,197778,195944,194413,194326,196046,199891,205530,211741,216880,nan,nan,nan,nan,nan,nan,nan,nan,nan,nan,nan,nan,nan,nan,nan,nan,nan,nan,nan,nan,nan,nan,
1158.9,2397.36,3704.92,5071.37,6485.47,7935.86,9411.27,10900.5,12391.9,13873.1,15333.6,16763.2,18151.7,19480,20740.1,21932.4,23058.6,24112.4,25086,25971.9,26762.2,27452.6,28072.8,28587.3,28959.6,29162.7,29152.8,28875.7,28325.3,27445.4,28235.9,28482.6,27741.1,25658.4,22326,20878.2,28757.5,43668.2,nan,nan,nan,nan,nan,nan,nan,nan,nan,nan,nan,nan,nan,nan,nan,nan,nan,nan,nan,nan,nan,nan,
2005.1,4139.08,6392.65,8755.63,11215,13756.3,16363.9,19021.1,21709,24405.8,27092.4,29749,32355.9,34871.1,37277.1,39576,41770.7,43850.2,45801.7,47614,49276.7,50790.2,52241.4,53560.3,54680.5,55564.6,56142,56330.9,56191.3,55703.7,59016,62173.1,64673.1,66180.1,66386,66051,67591,73488.7,nan,nan,nan,nan,nan,nan,nan,nan,nan,nan,nan,nan,nan,nan,nan,nan,nan,nan,nan,nan,nan,nan,
3644.38,7572.68,11787.5,16287.9,21065.3,26105.3,31388.2,36889.6,42575.5,48401.1,54324.8,60300.2,66276.5,72125.6,77785.3,83251.5,88510.2,93520.4,98240.5,102637,106684,110400,114110,117597,120672,123261,125190,126274,126845,127035,135196,143984,152823,161577,169934,178976,190550,206290,nan,nan,nan,nan,nan,nan,nan,nan,nan,nan,nan,nan,nan,nan,nan,nan,nan,nan,nan,nan,nan,nan,
7538.7,15835.3,24849.2,34472.7,44542.6,54876.3,65318.5,75783.8,86254.7,96748.2,107348,118167,129310,140669,152323,164484,177216,190492,204184,218076,231845,245199,258929,271953,283303,292521,298963,302164,303731,304704,307039,310919,316426,323988,333566,348296,370654,397127,nan,nan,nan,nan,nan,nan,nan,nan,nan,nan,nan,nan,nan,nan,nan,nan,nan,nan,nan,nan,nan,nan,
10653.7,20366.6,29662.8,39202.8,48540.6,57279.4,65790.1,74238.8,82738.4,91358.6,100157,109189,118492,127999,137759,147882,158388,169311,180689,192563,204986,218033,232285,247613,263875,281139,299386,318300,338250,359082,354738,350268,348026,348190,349324,351102,352930,353560,nan,nan,nan,nan,nan,nan,nan,nan,nan,nan,nan,nan,nan,nan,nan,nan,nan,nan,nan,nan,nan,nan,
6516.79,12782.8,18993.5,25321.6,31646.1,37924.8,44250.3,50665.9,57204.5,63891.7,70750.3,77802.1,85065.9,92536.1,100232,108187,116390,124855,133603,142663,152065,161852,172193,183081,194533,206632,219482,233196,248110,264649,261342,257968,255709,254741,255140,256867,259136,260592,nan,nan,nan,nan,nan,nan,nan,nan,nan,nan,nan,nan,nan,nan,nan,nan,nan,nan,nan,nan,nan,nan,
4862.17,9722.24,14610.7,19551.6,24566.3,29673.8,34890.9,40233.1,45715.4,51351,57153.2,63135.3,69309.8,75684.2,82271.6,89082.2,96102.1,103344,110826,118570,126603,134957,143702,152856,162473,172638,183466,195125,207849,222003,219524,217263,216427,217373,220403,225328,230992,235664,nan,nan,nan,nan,nan,nan,nan,nan,nan,nan,nan,nan,nan,nan,nan,nan,nan,nan,nan,nan,nan,nan,
4098.16,8239.28,12441.3,16719.4,21088.1,25560.7,30149.5,34866.2,39722,44727.6,49893.4,55229.4,60745.6,66452.9,72361.4,78475.6,84781.2,91288.2,98013.4,104975,112198,119708,127540,135727,144332,153439,163168,173701,185233,198101,196214,194643,194530,196246,200105,205846,212279,217713,nan,nan,nan,nan,nan,nan,nan,nan,nan,nan,nan,nan,nan,nan,nan,nan,nan,nan,nan,nan,nan,nan,
3660.42,7370.94,11158.1,15034.3,18981.7,23040.8,27221,31528.6,35970.6,40555.4,45291.9,50188.8,55255,60502.7,65940.8,71574.4,77390,83393.1,89598.4,96023.2,102689,109620,116836,124374,132296,140685,149655,159389,170060,181967,180316,178937,178845,180301,183477,188051,193079,197276,nan,nan,nan,nan,nan,nan,nan,nan,nan,nan,nan,nan,nan,nan,nan,nan,nan,nan,nan,nan,nan,nan,
4396.84,8801.27,13205.1,17599.8,21975,26319.2,30620.8,34867.6,39046.6,43145.6,47152.7,51056.7,54847.3,58514.5,62051.2,65456.4,68745.4,71914.1,74955.7,77864.9,80635.9,83262.8,85730.8,88042.4,90192.1,92161.9,93937.2,95493.3,96779.6,97698.8,98113,97772.2,96049.8,98690.8,111198,131689,139381,144572,148622,152020,
5166.51,10376.2,15620.6,20890.5,26172.7,31452.8,36714.5,41941.1,47113.6,52212.9,57220.8,62120.1,66893.8,71513.6,75965.4,80252.8,84394.3,88381.5,92205.3,95856.9,99328,102617,105762,108734,111498,113948,116098,117976,119555,120802,121561,121497,119814,123774,131734,153362,161642,167292,171719,175442,
6612.55,13377.1,20288.9,27339.1,34511.2,41784.5,49133.7,56531.3,63946.4,71343.4,78693,85966.7,93136.1,100115,106863,113396,119728,125833,131679,137240,142493,147445,152341,157019,161328,164842,167684,170093,172141,174060,175656,176348,174931,181900,177038,199064,207597,213554,218287,222316,
9686.93,19702.3,29915.9,40131.8,50119.9,59664.8,68614.2,76912.9,84593.3,91728.4,98452.2,104923,111292,117561,123886,130534,137685,145440,153834,162836,172310,182100,192757,203488,213512,221139,226573,230669,233904,237517,241395,244445,244851,249971,212605,218382,223058,227322,231265,234980,
8431.14,15261.4,20734.6,25110.1,28611.5,31412.1,33645.7,35419.5,36826.3,37936.4,38824.2,39561.4,40208.7,40768.2,41315,41960.4,42780.2,43842.7,45216.6,46980.7,49224.9,52077.8,55917.2,60771.5,66712.9,73529.5,81503.5,91014,102124,115023,129136,143153,155675,163957,134497,100567,97994.9,102805,110019,117966,
1554.13,2548.18,3096.27,3296.93,3257.38,3104.87,2980.69,3000.64,3212.51,3597.63,4110,4702.81,5336.85,5980.69,6611.28,7208.44,7755.81,8236.56,8635.5,8938.13,9130.88,9198.97,9116.43,8874.62,8463.9,7882.14,7103.45,6093.8,4847.16,3545.35,4773.51,15693.5,34930.2,64512.7,122729,93439.8,80641,72085.2,65266.5,59199,
425.563,1001.73,1714.85,2546.15,3475.71,4484.87,5556.47,6674.27,7822.26,8986.16,10151.7,11304.8,12432.8,13529.9,14585.4,15584.8,16521.2,17385.1,18168.5,18863.8,19463.9,19958.5,20301.7,20513.5,20610.4,20646,20597.5,20419.1,20085.3,19541.5,18851.3,18363.4,19749.7,33490.9,106040,92982,87531.6,84336.3,82092.1,80313.8,
899.054,1906.15,3004.65,4180.27,5419.05,6707.78,8033.93,9385.24,10749,12114.2,13468.7,14800.6,16099.1,17362.6,18581.6,19741.8,20838.6,21864.2,22811.8,23675.3,24449.1,25123.6,25644.6,26039.4,26330.3,26584.5,26775.3,26846.1,26760.1,26427.9,25853.1,25189.3,25182.3,32503.5,100239,93495,90553.4,89007.9,88047.4,87365.9,
1168.58,2415.31,3728.27,5097.09,6511.13,7959.92,9433.17,10920.5,12410.8,13894.5,15360.9,16798.8,18198.6,19560.6,20876,22130.8,23321.7,24441.6,25484.2,26444.3,27316.9,28092.3,28712.6,29208.2,29603.4,29970.8,30281.3,30473.2,30504.1,30269.7,29751.4,29040.2,28612.8,33878.6,97498.9,93972,92257,91486.7,91103.8,90892.5,
5171.95,10385.3,15629.5,20893.6,26163.4,31423.3,36656.4,41845.1,46969.9,52013.4,56957.4,61783.9,66477.2,71034,75443.8,79694.9,83801.2,87755.6,91549.6,95176.8,98631.1,101901,104914,107712,110323,112818,115159,117273,119091,120443,121215,121255,120110,125801,144885,166160,173724,178843,182846,186211,
5915.25,11901.3,17946.3,24037.4,30157,36285.1,42400.3,48480.1,54499.7,60435,66263.3,71962.3,77512.2,82893.5,88091.9,93101.9,97942.3,102605,107079,111355,115426,119286,122913,126316,129494,132429,135110,137517,139599,141253,142343,142632,141489,148418,161549,184509,192790,198431,202856,206585,
7293.54,14747.4,22349.4,30082.5,37921.5,45835.5,53790.6,61752.6,69684.3,77547.3,85312.5,92954.2,100450,107733,114777,121596,128215,134614,140766,146647,152235,157530,162712,167656,172245,176144,179441,182319,184816,187080,188934,189877,188850,198254,199490,223424,232213,238315,243162,247293,
10112.2,20462.8,30890.2,41167.3,51041.1,60282,68739.2,76358.6,83187.2,89310,94875.5,100057,105018,109795,114568,119609,125119,131234,138028,145520,153639,162269,171859,181740,191226,198847,204681,209358,213217,217240,221281,224340,224661,230687,198428,210780,217845,223696,228857,233573,
7809.7,13779.5,18192,21338.7,23470.3,24787.2,25452.1,25602.8,25365.5,24846.5,24149.6,23367.2,22570.5,21789,21078.2,20489.2,20040,19727.3,19541.9,19478.2,19543.4,19773,20294.6,21179.7,22587.7,24706.2,28011.9,33113.2,40456.3,50294.5,62194.1,74922.6,86621.5,96049.2,59235.9,50099.7,61937.6,74663.8,86800.2,98185.1,
796.198,1364.06,2023.4,2922.43,4076.28,5453.51,7013.91,8719.57,10533.8,12424.9,14361.1,16311.8,18249.2,20158.9,22017.2,23795.3,25475.1,27036.1,28461.7,29736.3,30847.1,31774.6,32433.3,32861.6,33091.5,33219.2,33193.1,32918.8,32328.5,31281.4,29759.4,27903.4,26471.9,32939.9,101130,91129.7,85022.9,80186.8,75724.5,71243.6,
1237.6,2695.73,4345.96,6163.95,8125.85,10209,12391.8,14652,16966.6,19314.4,21672.4,24016.4,26324.7,28594.5,30807,32932,34957.1,36866.7,38648.4,40292.3,41790.3,43126.1,44190.7,45048.8,45755.2,46459.7,47112.2,47606.9,47882.3,47770.1,47268.6,46533.9,46051.5,51110.2,109009,109715,108859,108258,107741,107217,
1745.59,3647.12,5686.91,7849.78,10119.6,12479.8,14913.7,17403.2,19928.6,22471.9,25012.3,27527.9,29998.9,32426.8,34794.4,37071.6,39248.6,41311.5,43249.3,45053.7,46718,48226.6,49462.4,50497.2,51391.7,52309.9,53199,53946.9,54487.9,54637,54381.8,53854.4,53416.3,58169.8,111518,115792,116434,116906,117290,117589,
2015.59,4155.7,6407.49,8759.75,11199.6,13713.7,16287,18903.5,21544.8,24195.3,26834.8,29442.5,31999.9,34511.1,36958.9,39314.8,41570.1,43711.2,45728.8,47614.6,49363.3,50958.8,52281.6,53405.8,54393.6,55413.9,56412.6,57273.7,57930.1,58188.1,58027.5,57565.1,57103.5,61822.4,114944,120882,122214,123144,123885,124487,
6623.06,13389.5,20283.4,27286.4,34371.4,41506,48654.8,55778.7,62838.6,69805,76646.9,83337.1,89855.4,96239,102481,108543,114431,120127,125613,130871,135886,140619,144782,148548,152060,155701,159349,162758,165788,168026,169439,170207,170432,182243,217535,238874,245527,250056,253611,256597,
7297.69,14748.3,22330.7,30019.6,37780,45571.5,53350.5,61071.4,68690.6,76174.4,83492.4,90620.2,97542,104288,110857,117227,123418,129418,135214,140788,146126,151194,155763,159964,163901,167853,171724,175321,178524,180987,182644,183562,183614,196070,225877,249396,256946,262111,266179,269611,
8522.37,17236,26106.5,35090,44129.3,53159.2,62112.5,70925.1,79541.1,87919.5,96037.8,103890,111484,118834,125958,132885,139665,146300,152775,159072,165163,171023,176618,181934,186950,191611,195907,199829,203327,206298,208608,210016,209875,223399,240666,266786,275614,281752,286643,290817,
10829.2,21716.7,32422.3,42641.8,52059.5,60410.6,67541.8,73425,78152.6,81869.1,84779,87096.8,89029,90701.7,92333.1,94173.8,96444.1,99316.6,102927,107383,112734,118963,126299,134356,142662,150239,156902,162818,168041,173028,177601,181018,181832,189417,173562,195004,205538,213734,220721,226957,
6670.95,11135.1,13807.2,15136.3,15569,15541.8,15469.3,15698,16457.4,17831.7,19791.5,22240.7,25057.6,28137.9,31381.6,34675.4,37921.8,41022.6,43889.9,46442.8,48609.8,50309.8,51320.1,51680.3,51412.3,50643.5,49168.7,46727.7,43238.1,38842.1,34402.5,31262.4,29997.7,30003.7,43841,58138.4,67434.6,76546,85778.6,95078.5,
1643.6,3797.12,6445.54,9550.35,13064.7,16942.5,21135.6,25595.4,30268.1,35107.1,40056.9,45061.6,50067.3,55079.9,60053.5,64902.3,69575.9,74021.8,78201.1,82080.3,85633,88812.2,91288.8,93274.2,94955.1,96817.2,98717.6,100359,101597,101994,101634,101017,101177,109650,169101,169786,166757,163611,160248,156542,
2867.88,6114.22,9712.52,13640.8,17872.8,22379,27126.6,32076.9,37185.7,42414.1,47714.5,53036.6,58333.9,63626,68874.4,73993.2,78939.1,83667.2,88142.1,92335.2,96226.4,99770.2,102611,104983,107093,109476,111990,114326,116349,117594,118164,118603,119925,130375,186954,193545,194108,194271,194229,194010,
3389.91,7085.66,11073.7,15341.8,19871.6,24639.3,29616.9,34769.1,40055.3,45440,50878.3,56323,61730.6,67125.9,72473.4,77689.1,82733.4,87563.9,92147.5,96457.2,100474,104153,107133,109650,111916,114474,117182,119725,121965,123425,124200,124817,126225,137002,192160,200714,202223,203152,203804,204257,
3657.66,7587.19,11779.5,16226.1,20911.2,25814.2,30907.5,36158.8,41528.3,46983.4,52479.6,57972.3,63419.1,68847.8,74223.2,79464.6,84535.2,89392.6,94006.6,98351.7,102409,106133,109164,111740,114068,116694,119471,122088,124403,125940,126781,127442,128834,139810,196275,205635,207565,208809,209724,210410,
9702.64,19690.1,29773.2,39707,49227.8,58129.2,66306.9,73756,80556.9,86839,92721,98317.4,103738,109231,114887,120696,126723,133032,139672,146664,153984,161491,168326,174724,180880,187777,195055,202022,208366,213098,216440,219529,224233,242207,306487,316298,318794,321001,323010,324821,
10125.8,20449.2,30753.1,40767.1,50211.9,58876.3,66662.3,73582.7,79731.9,85250.8,90274,94928.4,99339.6,103742,108238,112843,117647,122733,128172,134010,140260,146826,153020,159017,164944,171552,178520,185250,191448,196252,199775,202854,206832,224267,285334,299739,304174,307723,310806,313550,
10845.3,21716.8,32329,42345.7,51444.9,59406.1,66151.7,71734.9,76306.3,80059.1,83182.3,85857.5,88252,90578.8,92947.5,95425,98120.5,101123,104510,108356,112710,117570,122641,127982,133577,139683,146072,152376,158349,163434,167534,170869,173708,188452,230223,252962,261359,267742,273152,277948,
11692.9,22652.1,32288.7,40016.6,45435.4,48455.5,49293.8,48363.5,46142.1,43051.1,39431.4,35548.4,31605.2,27771.6,24219.5,21154.6,18819,17475.2,17310.6,18285.5,20061,22252.3,24843.2,27990.5,31872.6,36350,41273.2,46484.6,51773.3,56999.6,61845.5,65788.7,67848.1,70850.2,73858,99379.6,112940,123651,132928,141287,
4289.07,6575.13,8468.8,11463.6,16203.2,22585.9,30279,38974.9,48458,58601.6,69315,80536.4,92225.3,104501,117343,130598,144141,157856,171606,185203,198412,210866,221342,230119,237568,245098,252122,257400,259987,257987,251222,241177,231908,224800,266191,222946,194389,171229,152141,136957,
5441.53,12048.5,19673.5,28129.2,37184.4,46617.4,56263,66024.3,75879.4,85868.2,96025.7,106389,116997,128078,139660,151610,163852,176325,188946,201591,214085,226112,236347,245205,253159,261928,271115,279796,287657,293412,297731,302908,313014,329183,396225,379443,372120,367176,362953,358746,
6837.77,14538.3,22994.1,32041.4,41466.1,51064.8,60694,70281.8,79832.3,89409.4,99067.7,108861,118844,129261,140150,151392,162929,174715,186685,198731,210697,222280,232164,240758,248520,257133,266192,274770,282551,288239,292466,297438,307021,324817,394916,384107,379767,377494,375985,374735,
7325.08,15411.1,24156.6,33400.3,42930.9,52550.1,62122.1,71584.8,80952.5,90298.3,99684.8,109173,118823,128885,139402,150261,161415,172825,184435,196144,207805,219123,228796,237227,244858,253343,262271,270718,278363,283911,287960,292646,301685,319737,390383,381616,377950,376150,375039,374158,
7558.32,15827,24705.2,34032.5,43599.9,53212.7,62737.1,72121.5,81382.1,90595.1,99826.2,109140,118599,128454,138752,149383,160302,171475,182847,194320,205750,216846,226318,234568,242038,250361,259123,267414,274910,280326,284239,288745,297496,316036,387572,380407,377241,375725,374804,374064,
8463.64,15272.7,20664.2,24928.4,28322.1,31043.5,33239.7,35023.7,36487.6,37714.3,38763.8,39690.2,40547,41449.2,42433.2,43499.3,44683.7,46041,47633.8,49533.9,51819.5,54555.2,57573,61126.7,65443.1,71067,78017.3,86126.7,95318.1,105021,115127,126284,140803,163222,237263,228395,227722,229712,232824,236414,
7842.24,13798.6,18153.5,21234.7,23332.1,24674.6,25442.5,25785,25832.3,25701.2,25484.4,25259,25086.4,25039.6,25125.7,25324.4,25630.4,26038.8,26546.2,27159.1,27893.3,28774.1,29765.4,31025.2,32731.3,35214.9,38643,43126.4,48808.5,55546.9,63274.8,72195.8,83496,103682,177315,178663,182118,186891,192191,197666,
6701.8,11167.1,13831.9,15197.1,15760.6,15991.5,16308.8,17041.3,18377.4,20362.2,22938.7,25996.3,29409.4,33028.1,36711.3,40350.7,43859.4,47151.6,50151.1,52793.4,55025.1,56815.8,58260.6,59255,59721.9,59492,58687.5,57505.9,56111.3,54762.8,53611.3,52669.4,51551.6,52922.1,79719.2,101509,113176,122843,131601,139827,
4304.47,6609.91,8578.64,11750.5,16799.2,23635.1,31926.9,41361.8,51714.7,62823.6,74611,87045.4,100117,113660,127641,142121,157033,172228,187460,202385,216552,229553,241915,252550,260474,263795,263077,259630,254194,248236,241666,233806,224470,211725,154482,107091,86018.5,73531.4,66420.2,63227.4,
6930.83,17029.9,28645.2,40907.4,53424.6,66049.3,78746.5,91531.5,104444,117531,130840,144420,158319,172595,187295,202446,218029,234088,250681,267869,285712,304266,323538,343565,364374,386070,408419,430859,452473,471827,487300,497729,504464,478255,463595,394110,359198,329308,300691,271962,
11228.2,22484.6,33517,44299.2,54894.1,65385,75850.5,86357.8,96967.4,107741,118717,129930,141413,153299,165612,178300,191324,204714,218522,232802,247615,262978,278484,294404,310974,329018,348365,368508,389156,409325,428938,449297,474308,478396,511029,474162,468064,467235,468235,469637,
11206.5,21981.2,32262.7,42140.6,51743.6,61191.4,70581.3,79990.1,89482.3,99121.9,108946,118985,129271,139946,151030,162460,174196,186264,198713,211594,224962,238824,252697,266887,281659,297935,315513,333822,352539,370561,387796,405606,427985,435136,476280,443004,436987,436029,436974,438563,
11050.5,21516.1,31391.2,40801.3,49897,58810.1,67645.3,76482.9,85389.2,94429.4,103640,113051,122694,132714,143128,153872,164906,176257,187972,200099,212694,225762,238795,252113,265991,281377,298063,315462,333244,350276,366464,383174,404388,412933,457531,425667,419441,418132,418684,419876,
10935.9,21213.3,30851.6,39992.7,48797.3,57402.2,65915.8,74421.5,82986.2,91675.4,100526,109567,118831,128463,138482,148820,159440,170371,181655,193346,205495,218107,230663,243489,256864,271747,287923,304796,322024,338455,354002,370060,390671,400456,444628,414769,408736,407360,407752,408749,
1587.44,2612.4,3194.37,3443.65,3479.52,3432.2,3428.47,3559.97,3858.19,4306.27,4866.09,5497.42,6165.89,6843.85,7504.83,8126.63,8694.4,9194.12,9613.36,9941.29,10168.1,10284.8,10279.9,10154.6,9916.53,9592.68,9219.17,8866.2,8713.89,9188.89,11367.6,17462.3,31300.2,59468.7,133032,117038,112971,112349,113385,115456,
829.598,1419.12,2090.06,2999.4,4170.58,5574.25,7170.29,8919.79,10784.2,12727.5,14716.2,16718.3,18704.2,20634.5,22481.2,24228.5,25865.4,27374.3,28737.9,29940,30965.7,31805.4,32494,32982.7,33224.9,33121,32674.5,31897.4,30751.4,29190.7,27044.1,23989.7,19373.1,13297.3,65944.2,67810.7,70379.2,73261,76284.9,79457,
1638.49,3787.64,6446.37,9586.48,13170.2,17157.1,21505.8,26173.5,31109.9,36257.1,41559.4,46956.8,52386.7,57720.8,62884.7,67854.7,72601.7,77076.9,81233.7,85032.7,88444.2,91475,94396.7,97008.5,99133.5,100303,100657,100465,99804.3,98931.4,97621,95243.7,90597.6,85806.3,53104.8,67926.8,74597.2,78751.1,81700.1,83975.3,
5415.55,12032,19757.8,28459.3,37955,48043.1,58542.4,69333.9,80362.5,91609,103123,114986,127275,139859,152785,166227,180208,194659,209411,224201,238662,252468,266391,279321,290273,297126,300554,302129,302819,304618,307567,310511,312071,309902,262749,230961,218692,210313,203504,197430,
11205.3,22502.5,33658,44624.3,55438.2,66161.4,76859.6,87596.8,98434.4,109417,120601,132040,143780,155786,168110,180849,194011,207640,221787,236502,251848,267926,285211,303570,322931,342822,363391,384835,406919,429649,452139,472967,491962,480851,463246,405137,384134,369373,357051,345715,
8980.92,17714.1,26275.2,34732,43146.6,51572.4,60055.1,68634.5,77346.9,86224.9,95297.1,104591,114131,123951,134074,144511,155239,166283,177679,189467,201692,214405,227639,241466,255989,271434,287932,305620,324755,345663,368964,395889,429447,441660,467534,432343,432420,439285,449378,461322,
7620,15040.9,22337.6,29572.3,36799.1,44063,51402.3,58849.3,66433.2,74181.6,82116.4,90257.6,98625,107262,116187,125392,134851,144585,154622,164998,175749,186915,198424,210389,222942,236427,250929,266484,283286,301474,321629,345073,375083,389161,418187,384804,382388,386257,393144,401808,
6968.83,13747.8,20411.5,27020.5,33626.9,40273.4,46995.7,53823.4,60783.1,67901,75196.3,82686.2,90388.3,98350.1,106587,115085,123821,132809,142078,151659,161590,171899,182486,193474,205005,217464,230914,245360,260977,277839,296506,318320,346556,361175,397242,362830,358831,361129,366402,373399,
6603.36,13016.8,19315.3,25559.4,31800.1,38079.6,44432.3,50886.7,57468.5,64203,71108.2,78200.1,85495.4,93043.1,100857,108922,117214,125748,134551,143653,153091,162890,172937,183360,194307,206178,219033,232862,247829,263985,281887,302890,330299,345571,383436,349277,344645,346214,350703,356875,
429.112,1001.8,1709.67,2536.45,3463.35,4471.62,5543.42,6661.82,7809.86,8971.28,10131.2,11275.5,12390.8,13458.9,14467.9,15412.3,16288.4,17087.8,17800.9,18418.6,18931.4,19331.8,19632.3,19804.4,19819,19618.3,19192,18527.1,17576.9,16275.2,14454.4,11787.4,7573.44,6715.69,80405.1,68873.6,65611,64476.1,64180.4,64294.9,
1228.53,2678.16,4324.16,6144.13,8115.01,10213.8,12418,14704.8,17049.9,19427.6,21814.1,24185.7,26519.4,28773.7,30927.8,32977.5,34920.6,36743.6,38432,39972.9,41354.3,42573.3,43699.1,44667.7,45418.9,45803.1,45841.6,45583.9,45011.1,44131.1,42764.3,40500.6,36405.2,29690,34284.5,47188.1,52524.2,56032.8,58662.2,60767.5,
2852.08,6090.88,9700.63,13667,17970.9,22589.2,27495.3,32658.6,38039.3,43587.7,49256.8,54995,60746.4,66381.7,71834,77092.2,82136.4,86922.8,91408.1,95556.7,99342.7,102780,106178,109325,112035,113792,114759,115251,115376,115470,115341,114353,111265,109498,77047.2,90910.3,97473.3,101718,104783,107136,
6812.73,14530.5,23104.6,32425.4,42327.5,52624.1,63151.5,73811.9,84573.9,95440.6,106483,117802,129492,141432,153692,166466,179803,193656,207880,222238,236386,250018,263928,277016,288300,295631,299658,301926,303381,306027,309927,313923,316500,316936,270537,246450,238822,234481,231530,229330,
11184,22010.4,32438.8,42534.9,52398.5,62123.7,71795,81484.5,91258,101158,111244,121568,132177,143015,154136,165647,177566,189937,202804,216216,230229,244950,260937,278012,296066,314473,333416,353198,373630,394892,416153,435959,453953,446362,420931,365886,345985,332726,322463,313816,
7613.46,15039,22354.4,29619,36883.1,44188.1,51570.5,59061.4,66690.1,74480.4,82457.4,90645.2,99065.2,107725,116649,125857,135336,145106,155197,165642,176477,187756,199602,212028,225084,238816,253381,269008,285987,304825,326187,351218,382756,396498,415284,379245,376762,381079,388734,398400,
5997.75,11942.4,17876.2,23833.3,29844.5,35936.7,42133.3,48455.1,54922.2,61552.6,68363,75369,82585.9,90033.9,97727.8,105672,113847,122268,130958,139941,149251,158919,168971,179455,190447,202114,214559,227902,242370,258271,276204,297379,324786,339149,369436,331939,325693,326033,329533,334916,
5270.27,10523.2,15791.2,21101.6,26479.5,31946.9,37523.4,43226.5,49072.6,55077.8,61255.6,67619,74180.6,80964.1,87981.6,95231.8,102695,110384,118319,126524,135026,143855,152999,162521,172507,183164,194580,206839,220147,234747,251225,270818,296580,311748,345098,307713,300017,298717,300448,303944,
4866.2,9726.2,14608.9,19539.2,24539.9,29631.1,34830.8,40154.8,45618.3,51236.1,57020.6,62983.2,69135.6,75502.7,82095.7,88910.6,95928.5,103161,110627,118350,126356,134671,143269,152220,161613,171676,182488,194119,206766,220644,236334,255092,279999,295753,330891,293680,285260,283129,283961,286501,
890.475,1889.45,2981.77,4153.61,5390.74,6679.24,8005.71,9357.12,10720,12080.9,13427.8,14749,16033.5,17262.3,18426.2,19523.6,20554.3,21511.3,22386.4,23171.3,23857.7,24440.2,24943.2,25333.1,25576,25597.3,25392.6,24962.1,24266.3,23257.3,21766.5,19438.3,15425.3,7787.53,59783.6,55293.3,54827.9,55234.9,55891.9,56628.9,
1733.93,3626.8,5664.26,7832.33,10114.9,12494.7,14954,17474.4,20034.8,22612.5,25186.6,27736.1,30240.2,32656.8,34967.5,37172.3,39272.3,41255.6,43109,44820.6,46379.6,47785.3,49119.3,50313,51302.2,51920.6,52196.5,52193.1,51899.9,51346.4,50358.5,48518.9,44873.8,39247,33146.6,49462.5,56009.3,60210.2,63324.5,65814.1,
3374,7063.87,11067.2,15379.2,19988.5,24877.9,30025.7,35405.5,40981.6,46707.3,52539.1,58429,64324.3,70096.2,75680.9,81071.9,86253.1,91182.7,95818.4,100126,104080,107697,111299,114668,117616,119612,120826,121583,122001,122432,122692,122136,119502,118844,87998.6,102407,109286,113888,117342,120113,
7300.86,15406.9,24276.8,33803.6,43824.2,54155.2,64638.6,75184.8,85771.6,96411.2,107183,118195,129550,141133,153022,165420,178388,191890,205793,219872,233795,247267,261081,274146,285483,292944,297154,299628,301288,304109,308143,312208,314712,315786,269412,248372,242246,239089,237180,235940,
11023.2,21533.5,31547.2,41166.6,50513.4,59695.1,68801.6,77909.4,87085.6,96375,105834,115517,125469,135629,146050,156844,168033,179658,191763,204394,217606,231505,246674,262923,280129,297625,315621,334464,354021,374560,395284,414673,432144,425863,405276,349897,330161,317407,307853,300053,
6963.96,13753,20445,27098.2,33759,40465.7,47251.3,54144.2,61171.3,68353.2,75713.1,83273.8,91055.4,99057.8,107303,115815,124585,133632,142983,152666,162718,173188,184235,195846,208053,220836,234356,248873,264685,282356,302538,326326,356438,370689,388899,351787,347571,350157,356056,363925,
5267.61,10520.9,15793.2,21111.4,26499.5,31978.6,37567.7,43283.8,49143.4,55161.3,61351.9,67729.3,74306.9,81096.1,88110.7,95358.9,102825,110521,118469,126690,135213,144071,153318,162982,173118,183826,195215,207435,220719,235428,252157,272055,298001,312758,342540,303905,295803,294256,295819,299198,
4517.77,9063.94,13660.2,18324.9,23075.5,27928,32896.5,37994.6,43235.3,48630.9,54192.7,59931.9,65859.2,71989.6,78333.7,84894.1,91654,98625.6,105826,113275,120999,129025,137374,146086,155228,164939,175314,186468,198615,212054,227369,245756,270216,286138,315038,277898,268638,265551,265367,266844,
4099.54,8240.87,12441.4,16716.7,21081.5,25549.5,30133.4,34844.8,39695.2,44695.8,49856.6,55187,60696.9,66402.6,72313.6,78430.2,84736.2,91241.6,97963.2,104920,112136,119636,127424,135550,144082,153179,162927,173426,184879,197553,212025,229490,252921,269022,303786,265477,255196,251153,250010,250501,
1158.9,2397.36,3704.92,5071.37,6485.47,7935.86,9411.27,10900.5,12391.9,13873.1,15333.6,16763.2,18151.7,19480,20740.1,21932.4,23058.6,24112.4,25086,25971.9,26762.2,27452.6,28072.8,28587.2,28960.1,29108.7,29031.9,28735.8,28184.3,27338.5,26031.1,23901.6,20089,12855.1,50855.4,51318.3,52651.6,54083.9,55447.6,56728.8,
2005.1,4139.08,6392.65,8755.63,11215,13756.3,16363.9,19021.1,21709,24405.8,27092.4,29749,32355.9,34871.1,37277.1,39576,41770.7,43850.2,45801.7,47614,49276.7,50790.2,52241.4,53560,54679.9,55427.1,55832.6,55965.9,55819.5,55431.7,54630,52992.6,49557.2,44528.7,35526.6,52881.2,59922.9,64468.4,67863.5,70598.8,
3644.38,7572.68,11787.5,16287.9,21065.3,26105.3,31388.2,36889.6,42575.5,48401.1,54324.8,60300.2,66276.5,72125.6,77785.3,83251.5,88510.2,93520.4,98240.5,102637,106684,110400,114110,117596,120669,122790,124132,125024,125585,126177,126612,126243,123795,123685,93930.9,108764,115828,120615,124250,127194,
7538.7,15835.3,24849.2,34472.7,44542.6,54876.3,65318.5,75783.8,86254.7,96748.2,107348,118167,129310,140669,152323,164484,177216,190492,204184,218076,231845,245199,258929,271951,283289,290800,295093,297661,299408,302289,306343,310377,312756,314108,267742,248342,242942,240307,238811,237911,
10908.1,21229.9,31007.1,40358.4,49415.3,58290.1,67077.7,75855.5,84692.5,93632.2,102733,112050,121626,131400,141425,151813,162588,173795,185476,197676,210450,223907,238640,254456,271223,288250,305743,324064,343064,363013,383095,401795,418532,413019,385945,331960,312152,299325,289804,282166,
6592.85,13010.8,19333.2,25617,31908.3,38244.2,44656.2,51171.6,57815.9,64609,71573,78729.7,86098.2,93675.2,101481,109545,117857,126435,135307,144498,154043,163992,174515,185594,197245,209420,222284,236104,251187,268111,287523,310473,339576,353857,376539,337660,332209,333722,338611,345520,
4862.17,9722.24,14610.7,19551.6,24566.3,29673.8,34890.9,40233.1,45715.4,51351,57153.2,63135.3,69309.8,75684.2,82271.6,89082.2,96102.1,103344,110826,118570,126603,134957,143702,152855,162461,172588,183349,194908,207503,221518,237542,256700,281816,296914,326729,287580,278465,275886,276416,278778,
4134,8313.01,12555.1,16875.6,21288.9,25808.4,30446.5,35214.9,40125.1,45187.7,50413.1,55811.6,61393.4,67169.6,73150.2,79334.8,85712.4,92297,99104.9,106156,113473,121089,129034,137345,146082,155361,165272,175962,187660,200723,215789,234174,258247,276830,258071,232927,224406,220880,219847,220306,
3677.68,7413.17,11219.9,15109.9,19094.8,23185.9,27393.4,31727.3,36197.3,40812.9,45582.9,50516,55621.1,60910.3,66392.7,72070.2,77928.8,83977.7,90232.5,96710.6,103434,110429,117713,125325,133324,141837,150954,160790,171549,183524,197287,214007,236605,253032,287961,249220,237964,232916,230762,230257,
4396.84,8801.27,13205.1,17599.8,21975,26319.2,30620.8,34867.6,39046.6,43145.6,47152.7,51056.7,54847.3,58514.5,62051.2,65456.4,68745.4,71914.1,74955.7,77864.9,80635.9,83262.8,85730.8,88042.4,90192.1,92161.9,93937.7,95499.6,96804.1,97784.6,98326.1,98222.4,97052.1,94573.5,103299,112526,118559,123249,127200,
5169.69,10383.2,15632.3,20907.6,26196.1,31482.9,36752.2,41987.2,47169.2,52278.2,57296.5,62206.5,66991.4,71622.5,76086.2,80385.1,84537.6,88536.4,92371,96033.2,99514.9,102814,105970,108952,111725,114185,116345,118238,119841,121089,121853,121890,120736,117545,123494,132623,138915,143882,148105,
6616.69,13386.5,20305,27363.3,34545.1,41828.9,49189.5,56600.8,64031.1,71444.3,78811.4,86103.9,93293.8,100293,107063,113619,119973,126102,131972,137557,142832,147808,152727,157428,161760,165292,168147,170574,172639,174302,175418,175682,174703,170429,170285,178207,184262,189170,193420,
9686.93,19702.3,29915.9,40131.8,50119.9,59664.8,68614.2,76912.9,84593.3,91728.4,98452.2,104923,111292,117561,123886,130534,137685,145440,153834,162836,172310,182100,192757,203488,213512,221139,226571,230656,233856,236371,238212,239160,239576,235153,217416,216303,217593,219170,220884,
8431.11,15263.7,20739,25118.3,28624.6,31429.5,33667.1,35447,36859.7,37975.3,38868.7,39612.3,40267.3,40834.5,41390,42044.7,42874.1,43948,45335.5,47113.1,49373.6,52244.6,56106.5,60984.1,66951.5,73797.5,81801.2,91318.6,102377,114558,126968,138487,148933,155035,123294,105086,99332.6,98003.8,98623.9,
1554.13,2548.18,3096.27,3296.93,3257.38,3104.87,2980.69,3000.64,3212.51,3597.63,4110,4702.81,5336.85,5980.69,6611.28,7208.44,7755.81,8236.56,8635.5,8938.13,9130.88,9198.97,9116.43,8874.62,8463.9,7882.14,7104.38,6103.88,4888.72,3684.57,4852.33,14779,31843.1,58403.1,64083.6,49342.4,36970.4,23008.9,5520.42,
425.563,1001.73,1714.85,2546.15,3475.71,4484.87,5556.47,6674.27,7822.26,8986.16,10151.7,11304.8,12432.8,13529.9,14585.4,15584.8,16521.2,17385.1,18168.5,18863.8,19463.9,19958.5,20301.7,20513.5,20610.4,20646,20598.6,20429.8,20127.1,19717.6,19311.6,19324.7,21439,34185.7,56727.1,56649.1,55589.3,54462,53088.5,
899.054,1906.15,3004.65,4180.27,5419.05,6707.78,8033.93,9385.24,10749,12114.2,13468.7,14800.6,16099.1,17362.6,18581.6,19741.8,20838.6,21864.2,22811.8,23675.3,24449.1,25123.6,25644.6,26039.4,26330.3,26584.5,26776.4,26856.6,26800.9,26613.2,26340.7,26193.9,27052.2,34935,57573.2,60554.4,61450.9,61989.2,62310.5,
1168.4,2414.75,3727.32,5095.56,6508.81,7956.82,9429.28,10915.4,12404.6,13887.1,15352.3,16788.9,18187.2,19547.7,20861.5,22114.8,23304.2,24422.4,25463.4,26422.1,27293,28066.8,28685.6,29180,29573.7,29939.6,30249.4,30448.8,30507.9,30420.4,30209.6,30017.8,30475.3,36635.6,58531.7,62713.2,64392.1,65547.4,66425,
5171.95,10385.3,15629.5,20893.6,26163.4,31423.3,36656.4,41845.1,46969.9,52013.4,56957.4,61783.9,66477.2,71034,75443.8,79694.9,83801.2,87755.6,91549.6,95176.8,98631.1,101901,104914,107712,110323,112818,115159,117281,119120,120613,121664,122106,121544,120203,130825,140349,146582,151470,155605,
5915.25,11901.3,17946.3,24037.4,30157,36285.1,42400.3,48480.1,54499.7,60435,66263.3,71962.3,77512.2,82893.5,88091.9,93101.9,97942.3,102605,107079,111355,115426,119286,122913,126316,129494,132429,135111,137523,139623,141346,142578,143112,142501,140377,148555,158145,164701,169903,174337,
7292.35,14744.4,22344.6,30075.1,37910.8,45821.6,53773.4,61731.6,69658.7,77517.4,85278.4,92915.3,100406,107684,114722,121536,128150,134542,140688,146563,152144,157433,162608,167547,172130,176023,179316,182191,184692,186768,188279,188944,188354,184908,187571,196379,202925,208226,212812,
10116.5,20471.9,30903.6,41183.1,51055.5,60289.9,68730.3,76329.3,83132.2,89225.4,94756.8,99900.2,104820,109552,114277,119263,124715,130771,137512,144955,153036,161646,171232,181129,190649,198317,204201,208916,212788,215939,218327,219695,220164,215730,202494,204678,208032,211182,214179,
7809.7,13779.5,18192,21338.7,23470.3,24787.2,25452.1,25602.8,25365.5,24846.5,24149.6,23367.2,22570.5,21789,21078.2,20489.2,20040,19727.3,19541.9,19478.2,19543.4,19773,20294.6,21179.7,22587.7,24706.2,28010.1,33097.1,40386.6,49815.8,60624.9,71463.3,81065.2,84876.7,61449.6,60469.5,66192.9,72599.8,78756.4,
795.939,1364.15,2025.73,2928.82,4088.09,5471.42,7039.13,8752.76,10575.9,12476.3,14422.8,16384.6,18334,20255.5,22126.9,23917.9,25610.9,27185.6,28624.9,29913.4,31038,31979.6,32651.7,33093.5,33337.3,33480.6,33473.5,33228.3,32690.4,31833.7,30668.8,29350.2,28659.6,34673.2,54369.7,52550.1,47326.8,40561.3,34082.7,
1237.4,2694.93,4344.54,6161.49,8121.93,10203.6,12384.9,14642.8,16954.9,19300.4,21656,23997.3,26302.3,28569,30778.1,32899.7,34921.5,36827.6,38605.7,40246.4,41740.9,43073.5,44134.9,44990.4,45694.1,46395.5,47045.6,47546.4,47849.9,47946.7,47866,47749.2,48067.7,53089.4,73675.2,78002.4,79254.7,79587.8,79255.8,
1745.59,3647.12,5686.91,7849.78,10119.6,12479.8,14913.7,17403.2,19928.6,22471.9,25012.3,27527.9,29998.9,32426.8,34794.4,37071.6,39248.6,41311.5,43249.3,45053.7,46718,48226.6,49462.4,50497.2,51391.7,52309.9,53200.2,53957.6,54529.7,54902.6,55093.9,55208,55562.2,59768.9,79832.6,85513.9,87989.9,89588.8,90693.1,
2016.92,4159,6413.46,8769.11,11213.2,13731.8,16310.6,18933.3,21581.8,24239.7,26887.4,29504.2,32071.2,34591.9,37050.1,39416.1,41681.4,43833.1,45860.8,47756.8,49515.2,51120.5,52451.9,53584.2,54580.1,55609,56617.8,57498,58194,58688.3,58989.9,59181.4,59503.2,63263.2,82874.8,89116.6,92077,94126.1,95681.5,
6623.06,13389.5,20283.4,27286.4,34371.4,41506,48654.8,55778.7,62838.6,69805,76646.9,83337.1,89855.4,96239,102481,108543,114431,120127,125613,130871,135886,140619,144782,148548,152060,155701,159350,162768,165826,168466,170646,172322,173105,174432,189339,198965,205221,210210,214446,
7297.69,14748.3,22330.7,30019.6,37780,45571.5,53350.5,61071.4,68690.6,76174.4,83492.4,90620.2,97542,104288,110857,117227,123418,129418,135214,140788,146126,151194,155763,159964,163901,167853,171725,175330,178558,181343,183614,185273,185867,186213,199135,209212,215987,221423,226064,
8522.37,17236,26106.5,35090,44129.3,53159.2,62112.5,70925.1,79541.1,87919.5,96037.8,103890,111484,118834,125958,132885,139665,146300,152775,159072,165163,171023,176618,181934,186950,191611,195908,199835,203351,206388,208833,210474,210846,209446,217496,227744,235075,241020,246148,
10835.6,21730,32440.8,42660.8,52071.1,60405.9,67507.8,73351.6,78029.8,81692.1,84540.3,86793.1,88654.1,90252.7,91799.7,93551.6,95727.7,98497.7,102002,106356,111610,117757,125030,133053,141358,148965,155680,161652,166924,171465,175153,177690,178828,175636,171671,179310,186024,191757,196871,
6670.95,11135.1,13807.2,15136.3,15569,15541.8,15469.3,15698,16457.4,17831.7,19791.5,22240.7,25057.6,28137.9,31381.6,34675.4,37921.8,41022.6,43889.9,46442.8,48609.8,50309.8,51320.1,51680.3,51412.3,50643.5,49170,46739,43281.1,39073.9,34950.1,32101,30976.7,30625.8,41989.7,53749.8,63349.3,72002.4,79917.1,
1645.25,3802.35,6456.42,9568.98,13093.3,16982.3,21189.5,25665,30355.8,35214,40185.4,45213.1,50243.8,55283,60286.4,65166,69871,74350.2,78562.7,82474.2,86059.6,89271,91775.9,93786.5,95492.4,97383,99316.5,101001,102305,103207,103773,104230,104903,110203,128614,128607,124436,117962,110029,
2867.88,6114.22,9712.52,13640.8,17872.8,22379,27126.6,32076.9,37185.7,42414.1,47714.5,53036.6,58333.9,63626,68874.4,73993.2,78939.1,83667.2,88142.1,92335.2,96226.4,99770.2,102611,104983,107093,109476,111991,114338,116394,118155,119711,121307,123172,129410,149909,154628,156349,157156,157228,
3389.91,7085.66,11073.7,15341.8,19871.6,24639.3,29616.9,34769.1,40055.3,45440,50878.3,56323,61730.6,67125.9,72473.4,77689.1,82733.4,87563.9,92147.5,96457.2,100474,104153,107133,109650,111916,114474,117183,119737,122009,123995,125776,127575,129544,135550,156042,161748,164491,166433,167849,
3659.99,7593.16,11790.6,16243.9,20937.6,25850.4,30955.9,36220.9,41606,47077.5,52592.3,58104.5,63572.5,69023.7,74424.4,79691.8,84788.9,89674.3,94316.2,98688.3,102772,106523,109577,112172,114518,117164,119965,122613,124981,127060,128925,130784,132742,138527,158886,165011,168144,170468,172278,
9702.64,19690.1,29773.2,39707,49227.8,58129.2,66306.9,73756,80556.9,86839,92721,98317.4,103738,109231,114887,120696,126723,133032,139672,146664,153984,161491,168326,174724,180880,187777,195056,202033,208409,214143,219385,224507,229364,238573,260529,266017,269440,272455,275073,
10131.6,20461.9,30772.2,40789.4,50231.6,58887.1,66658.3,73554.8,79674.1,85160.1,90146.7,94763.3,99133.1,103493,107940,112495,117246,122279,127664,133456,139664,146200,152378,158375,164313,170941,177934,184705,190968,196644,201799,206663,210993,218557,239935,247632,252627,256855,260514,
10845.3,21716.8,32329,42345.7,51444.9,59406.1,66151.7,71734.9,76306.3,80059.1,83182.3,85857.5,88252,90578.8,92947.5,95425,98120.5,101123,104510,108356,112710,117570,122641,127982,133577,139683,146073,152387,158389,163937,168941,173354,176779,181009,198945,210006,217611,223895,229339,
11692.9,22652.1,32288.7,40016.6,45435.4,48455.5,49293.8,48363.5,46142.1,43051.1,39431.4,35548.4,31605.2,27771.6,24219.5,21154.6,18819,17475.2,17310.6,18285.5,20061,22252.3,24843.2,27990.5,31872.6,36350,41272.6,46484,51774.9,56910.8,61613.1,65496.3,67962.8,67596.9,75506.4,88138.3,97761.4,105815,112894,
4289.07,6575.13,8468.8,11463.6,16203.2,22585.9,30279,38974.9,48458,58601.6,69315,80536.4,92225.3,104501,117343,130598,144141,157856,171606,185203,198412,210866,221342,230119,237568,245098,252123,257396,259973,259056,254219,246108,236452,233414,223272,192710,169898,153467,141859,
5440.95,12045.6,19668.4,28120.8,37172.5,46603.2,56247.4,66009.1,75865.1,85855.1,96013.4,106378,116988,128070,139653,151602,163842,176309,188923,201556,214034,226040,236249,245080,253009,261750,270912,279569,287417,294575,301513,309175,317919,334693,349799,339649,329559,317448,301280,
6837.03,14535.5,22989.2,32033.7,41455.9,51053.2,60681.9,70271.5,79824.3,89403.9,99064.1,108860,118847,129266,140158,151400,162937,174720,186686,198723,210675,222240,232101,240673,248411,257001,266036,274595,282370,289478,296381,303998,312624,329159,347884,343388,340428,338613,336967,
7325.08,15411.1,24156.6,33400.3,42930.9,52550.1,62122.1,71584.8,80952.5,90298.3,99684.8,109173,118823,128885,139402,150261,161415,172825,184435,196144,207805,219123,228796,237227,244858,253343,262272,270722,278382,285354,292077,299427,307633,323438,343037,339596,337393,336306,335512,
7562.43,15837.7,24724.3,34060.3,43634.5,53250.3,62776.2,72154.6,81405.5,90606.7,99824.9,109125,118570,128413,138701,149323,160239,171414,182797,194293,205761,216909,226446,234772,242317,250715,259553,267913,275481,282351,288947,296121,304069,319459,339334,336406,334506,333631,333008,
8463.6,15274.9,20668.5,24936.2,28334.6,31060.1,33260.1,35048.7,36518,37749.9,38804.3,39736.5,40600,41508.8,42500.7,43574.9,44767.5,46134.6,47738.8,49650,51948.9,54698.9,57732.9,61302.3,65635.2,71278.5,78251.5,86383,95598.6,105860,117194,129899,144523,166807,188820,187339,186912,187406,188172,
7842.05,13800.8,18157.7,21242.6,23344.6,24691.2,25462.5,25809,25860.7,25733,25518.6,25295.4,25124.8,25079.1,25166.3,25365.6,25672.2,26081.8,26591.6,27207.5,27946.8,28835,29836.7,31109.4,32832.3,35339.5,38798.3,43325.8,49075.5,56187,64755.7,74955,87189,106373,133735,139713,144238,148555,152557,
6701.8,11167.1,13831.9,15197.1,15760.6,15991.5,16308.8,17041.3,18377.4,20362.2,22938.7,25996.3,29409.4,33028.1,36711.3,40350.7,43859.4,47151.6,50151.1,52793.4,55025.1,56815.8,58260.6,59255,59721.9,59492,58687.2,57507.1,56119,54721.7,53549.8,52801.7,52489.3,53118.7,69506.8,83562.1,93855.4,102582,110322,
4303.61,6606.12,8580.1,11770.8,16847.3,23712.3,32027.8,41485.7,51857.4,62982.1,74781.2,87225.5,100306,113859,127852,142353,157297,172541,187846,202869,217171,230336,242890,253730,261864,265381,264832,261520,256160,249028,240232,229913,219453,205952,157988,124488,104887,92789.7,85745.1,
6930.83,17029.9,28645.2,40907.4,53424.6,66049.3,78746.5,91531.5,104444,117531,130840,144420,158319,172595,187295,202446,218029,234088,250681,267869,285712,304266,323538,343565,364374,386070,408418,430837,452388,471601,486702,496482,501894,506649,473020,419816,374384,333155,294856,
11229.4,22487.9,33522.6,44308.3,54907.7,65403,75872.7,86384.9,97000.3,107780,118762,129980,141471,153364,165684,178381,191412,204813,218630,232920,247744,263118,278636,294564,311143,329196,348548,368680,389272,410110,431149,452781,475486,503926,505394,485764,471994,457962,439227,
11206.5,21981.2,32262.7,42140.6,51743.6,61191.4,70581.3,79990.1,89482.3,99121.9,108946,118985,129271,139946,151030,162460,174196,186264,198713,211594,224962,238824,252697,266887,281659,297935,315512,333805,352477,371310,390275,409804,430293,456891,460786,443066,432505,425301,419485,
11050.5,21516.1,31391.2,40801.3,49897,58810.1,67645.3,76482.9,85389.2,94429.4,103640,113051,122694,132714,143128,153872,164906,176257,187972,200099,212694,225762,238795,252113,265991,281377,298063,315446,333185,351064,369053,387586,407030,432684,437174,419607,408786,401142,394806,
10932.5,21203.1,30831.9,39961.7,48753.5,57345.6,65846,74337.1,82886.4,91559.4,100393,109417,118663,128275,138273,148590,159188,170094,181353,193015,205136,217716,230244,243044,256394,271254,287413,304266,321471,338814,356269,374270,393175,418366,423289,405921,395052,387241,380659,
1587.44,2612.4,3194.37,3443.65,3479.52,3432.2,3428.47,3559.97,3858.19,4306.27,4866.09,5497.42,6165.89,6843.85,7504.83,8126.63,8694.4,9194.12,9613.36,9941.29,10168.1,10284.8,10279.9,10154.6,9916.53,9592.68,9220.04,8876.31,8756.55,9349.21,11790.9,18251.6,31782.2,58279,80657.2,80903.4,83768.6,88598.2,94536.4,
829.54,1419.07,2089.51,2997.82,4167.37,5569.26,7163.48,8910.68,10772.3,12712.8,14698.7,16697.5,18679.7,20606.3,22449.1,24192.5,25825.8,27330.6,28690.3,29888.6,30910.1,31745.9,32430.2,32914.9,33153.1,33045.1,32594.9,31815.7,30672.4,29085.9,26917.7,23936.4,19822.6,16132.9,34698,44232.4,50961.2,57599.5,64710.4,
1638.49,3787.64,6446.37,9586.48,13170.2,17157.1,21505.8,26173.5,31109.9,36257.1,41559.4,46956.8,52386.7,57720.8,62884.7,67854.7,72601.7,77076.9,81233.7,85032.7,88444.2,91475,94396.7,97008.5,99133.5,100303,100656,100461,99787.5,98577.1,96651.5,93639,88955.6,79303.4,67909.5,70491.5,72797.4,74797.1,77106.3,
5415.55,12032,19757.8,28459.3,37955,48043.1,58542.4,69333.9,80362.5,91609,103123,114986,127275,139859,152785,166227,180208,194659,209411,224201,238662,252468,266391,279321,290273,297126,300551,302106,302731,302921,302921,302810,304032,302669,269141,246870,231142,216807,202661,
11205.3,22502.5,33658,44624.3,55438.2,66161.4,76859.6,87596.8,98434.4,109417,120601,132040,143780,155786,168110,180849,194011,207640,221787,236502,251848,267926,285211,303570,322931,342822,363389,384810,406823,428650,449176,467620,485769,505177,484198,448586,420191,394207,368535,
8980.92,17714.1,26275.2,34732,43146.6,51572.4,60055.1,68634.5,77346.9,86224.9,95297.1,104591,114131,123951,134074,144511,155239,166283,177679,189467,201692,214405,227639,241466,255989,271434,287931,305598,324671,345506,368687,395230,426957,467144,476936,470175,471438,473118,469372,
7615.16,15030.2,22320.1,29547.2,36765.6,44020.9,51351,58788,66361.2,74098.5,82021.5,90150.2,98504.2,107128,116038,125228,134672,144389,154408,164764,175496,186638,198124,210063,222586,236039,250501,265991,282683,300899,321210,344647,372890,409656,418014,409173,409491,413594,418489,
6969.93,13750.6,20415.8,27026.8,33635.5,40284.4,47008.9,53839.5,60802.1,67923,75221.2,82714.3,90419.9,98385.4,106626,115128,123868,132860,142134,151720,161657,171972,182565,193559,205098,217565,231025,245464,261036,278050,297072,319133,345869,381135,388343,378251,376951,379228,382165,
6603.36,13016.8,19315.3,25559.4,31800.1,38079.6,44432.3,50886.7,57468.5,64203,71108.2,78200.1,85495.4,93043.1,100857,108922,117214,125748,134551,143653,153091,162890,172937,183360,194307,206178,219032,232841,247752,264067,282349,303628,329513,363957,371301,360582,358523,359999,362114,
429.112,1001.8,1709.67,2536.45,3463.35,4471.62,5543.42,6661.82,7809.86,8971.28,10131.2,11275.5,12390.8,13458.9,14467.9,15412.3,16288.4,17087.8,17800.9,18418.6,18931.4,19331.8,19632.3,19804.4,19819,19618.3,19192,18529.9,17588.5,16287.9,14485.9,11934.7,8333.23,9379.89,33132.8,37197.2,39489.6,41558.8,43656.9,
1228.33,2677.37,4322.73,6141.28,8110.67,10208,12410.6,14695,17037.6,19412.8,21796.7,24165.5,26495.7,28746.8,30897.2,32943.6,34883.4,36702.7,38387.4,39924.8,41302.9,42518.6,43640.6,44606.1,45353.5,45734.5,45769.4,45508.9,44933.9,43965.9,42444.3,40048.9,36120.1,28701.4,31075.7,38575.6,42878.6,45833.8,48104.5,
2852.08,6090.88,9700.63,13667,17970.9,22589.2,27495.3,32658.6,38039.3,43587.7,49256.8,54995,60746.4,66381.7,71834,77092.2,82136.4,86922.8,91408.1,95556.7,99342.7,102780,106178,109325,112035,113792,114758,115246,115360,115065,114214,112470,109367,101566,90534.7,93324.6,95847,97537,98605.6,
6812.73,14530.5,23104.6,32425.4,42327.5,52624.1,63151.5,73811.9,84573.9,95440.6,106483,117802,129492,141432,153692,166466,179803,193656,207880,222238,236386,250018,263928,277016,288300,295631,299656,301904,303297,304324,305232,306096,308342,307886,278196,262334,253389,246684,241083,
11180.3,21999.7,32418,42501.8,52351.3,62062.2,71717.5,81390,91145.2,101028,111093,121396,131982,142796,153891,165375,177265,189605,202438,215813,229786,244462,260399,277421,295415,313767,332665,352400,372784,393101,412273,429507,446639,464657,441733,407455,382138,361457,343963,
7608.62,15028.2,22336.7,29593.6,36849.2,44145.6,51518.5,58999.2,66617.1,74396.2,82361.2,90536.1,98942.2,107588,116497,125690,135153,144906,154979,165403,176217,187472,199291,211689,224711,238407,252929,268485,285342,303863,324625,348633,377946,415636,422074,413591,414551,418137,419483,
5998.74,11944.8,17879.9,23838.6,29851.8,35945.9,42144.3,48468.6,54938.1,61571.1,68383.8,75392.6,82612.6,90063.7,97760.6,105708,113887,122311,131005,139993,149307,158981,169038,179527,190526,202200,214652,227986,242403,258228,276020,296796,322466,356506,360496,349032,347733,351847,359249,
5270.27,10523.2,15791.2,21101.6,26479.5,31946.9,37523.4,43226.5,49072.6,55077.8,61255.6,67619,74180.6,80964.1,87981.6,95231.8,102695,110384,118319,126524,135026,143855,152999,162521,172507,183164,194578,206818,220064,234626,251053,270354,294372,326740,330185,317004,313579,315245,319862,
4866.2,9726.2,14608.9,19539.2,24539.9,29631.1,34830.8,40154.8,45618.3,51236.1,57020.6,62983.2,69135.6,75502.7,82095.7,88910.6,95928.5,103161,110627,118350,126356,134671,143269,152220,161613,171676,182486,194098,206684,220547,236234,254754,277929,309471,312522,298611,294233,294795,298166,
890.475,1889.45,2981.77,4153.61,5390.74,6679.24,8005.71,9357.12,10720,12080.9,13427.8,14749,16033.5,17262.3,18426.2,19523.6,20554.3,21511.3,22386.4,23171.3,23857.7,24440.2,24943.2,25333.1,25576,25597.3,25392.5,24964.2,24274.3,23243.1,21718.7,19407.8,15713.6,10294,25123.8,31886.8,35236.9,37564,39393.7,
1733.93,3626.8,5664.26,7832.33,10114.9,12494.7,14954,17474.4,20034.8,22612.5,25186.6,27736.1,30240.2,32656.8,34967.5,37172.3,39272.3,41255.6,43109,44820.6,46379.6,47785.3,49119.3,50313,51302.2,51920.6,52196.2,52193.5,51901.4,51247.1,50074.7,48068,44584.4,37483.4,37602.2,44848.6,49314.3,52441.1,54827.2,
3374,7063.87,11067.2,15379.2,19988.5,24877.9,30025.7,35405.5,40981.6,46707.3,52539.1,58429,64324.3,70096.2,75680.9,81071.9,86253.1,91182.7,95818.4,100126,104080,107697,111299,114668,117616,119612,120825,121579,121985,122015,121524,120183,117556,110354,100159,103565,106736,109159,111067,
7300.05,15404.1,24272,33796.1,43814.2,54143.8,64626.9,75174.9,85765.9,96409.8,107187,118205,129568,141159,153056,165461,178432,191935,205834,219903,233808,247253,261031,274059,285359,292785,296961,299395,300980,302184,303233,304168,306335,305468,276649,262606,255185,249982,246015,
11023.2,21533.5,31547.2,41166.6,50513.4,59695.1,68801.6,77909.4,87085.6,96375,105834,115517,125469,135629,146050,156844,168033,179658,191763,204394,217606,231505,246674,262923,280129,297625,315619,334438,353921,373369,391714,408130,424391,441142,416513,381727,356118,335278,317767,
6960.78,13746.2,20434.1,27082.4,33738.2,40439.4,47218.8,54105.3,61125.7,68300.6,75653.1,83206.1,90979.4,98973.2,107209,115713,124472,133509,142848,152519,162558,173014,184042,195636,207821,220581,234073,248539,264250,281565,301053,323698,351604,387691,391646,381388,380454,382043,381361,
5268.48,10522.9,15796.4,21116.3,26506,31986.8,37577.5,43295.6,49157.3,55177.4,61370.1,67749.8,74330,81121.9,88139.4,95390.1,102859,110559,118510,126735,135261,144123,153375,163043,173186,183900,195295,207503,220734,235306,251764,271104,295274,327627,329442,315926,312402,314093,318874,
4515.01,9058.01,13650.6,18311.4,23057.8,27905.5,32869.2,37962.1,43197.2,48587,54142.6,59875.1,65795.5,71918.6,78255.2,84807.9,91560.4,98523.3,105715,113155,120868,128883,137219,145918,155044,164738,175091,186201,198256,211558,226643,244499,267010,297683,298956,283694,277988,277144,279012,
4099.54,8240.87,12441.4,16716.7,21081.5,25549.5,30133.4,34844.8,39695.2,44695.8,49856.6,55187,60696.9,66402.6,72313.6,78430.2,84736.2,91241.6,97963.2,104920,112136,119636,127424,135550,144082,153179,162925,173404,184795,197395,211736,228807,250469,280313,281200,265203,258525,256542,257112,
1158.71,2396.8,3703.98,5069.84,6483.16,7932.75,9407.36,10895.6,12385.7,13865.8,15325.1,16753.2,18140.2,19467,20725.5,21916.2,23041,24093,25065,25949.3,26737.9,27426.7,28045.1,28558.1,28929.2,29076.1,28997.4,28701,28152.9,27274.1,25912.3,23770.5,20230.2,14314.7,25162.6,32651.4,36535.1,39236.4,41357.7,
2005.1,4139.08,6392.65,8755.63,11215,13756.3,16363.9,19021.1,21709,24405.8,27092.4,29749,32355.9,34871.1,37277.1,39576,41770.7,43850.2,45801.7,47614,49276.7,50790.2,52241.4,53560,54679.9,55427.1,55832.3,55966.3,55821.2,55326.1,54326.6,52508.2,49240.6,42368.3,42063.8,49303.6,53948.5,57299.7,59933.3,
3644.38,7572.68,11787.5,16287.9,21065.3,26105.3,31388.2,36889.6,42575.5,48401.1,54324.8,60300.2,66276.5,72125.6,77785.3,83251.5,88510.2,93520.4,98240.5,102637,106684,110400,114110,117596,120669,122790,124131,125020,125570,125755,125431,124268,121844,114907,105239,108984,112464,115209,117459,
7538.7,15835.3,24849.2,34472.7,44542.6,54876.3,65318.5,75783.8,86254.7,96748.2,107348,118167,129310,140669,152323,164484,177216,190492,204184,218076,231845,245199,258929,271951,283289,290800,295090,297640,299328,300613,301710,302644,304718,303657,275289,261927,255048,250307,246755,
10905.5,21222.6,30992.3,40335,49382.9,58248.2,67024.4,75791.9,84617.2,93545,102632,111935,121497,131256,141264,151634,162390,173577,185236,197412,210160,223587,238288,254065,270792,287780,305243,323523,342464,361370,379170,395032,410706,426602,400572,365590,339856,318915,301318,
6592.85,13010.8,19333.2,25617,31908.3,38244.2,44656.2,51171.6,57815.9,64609,71573,78729.7,86098.2,93675.2,101481,109545,117857,126435,135307,144498,154043,163992,174515,185594,197245,209420,222282,236081,251097,267686,286407,308232,335274,370400,373594,362232,360192,360689,358962,
4862.17,9722.24,14610.7,19551.6,24566.3,29673.8,34890.9,40233.1,45715.4,51351,57153.2,63135.3,69309.8,75684.2,82271.6,89082.2,96102.1,103344,110826,118570,126603,134957,143702,152855,162461,172588,183348,194886,207416,221254,236936,255444,278737,310120,311226,296545,291775,292129,295484,
4098.16,8239.28,12441.3,16719.4,21088.1,25560.7,30149.5,34866.2,39722,44727.6,49893.4,55229.4,60745.6,66452.9,72361.4,78475.6,84781.2,91288.2,98013.4,104975,112198,119708,127540,135726,144320,153431,163155,173601,184963,197540,211862,228907,250575,280318,280496,264158,257251,255087,255535,
3677.68,7413.17,11219.9,15109.9,19094.8,23185.9,27393.4,31727.3,36197.3,40812.9,45582.9,50516,55621.1,60910.3,66392.7,72070.2,77928.8,83977.7,90232.5,96710.6,103434,110429,117713,125325,133324,141837,150953,160768,171464,183338,196915,213172,233992,262908,262723,245668,237797,234498,233648,
4357.69,8719.09,13076.1,17419.8,21740.1,26025.4,30264.5,34445.6,38555.9,42583.5,46517.5,50346.5,54061.3,57652.3,61113,64446.5,67665.7,70764.4,73736.9,76578,79281.6,81840.9,84243.2,86491.5,88576.8,90481.6,92192.3,93684.8,94912.8,95805.8,96254,96084.8,95108,94450.5,102000,109648,115239,119698,123452,
5169.69,10383.2,15632.3,20907.6,26196.1,31482.9,36752.2,41987.2,47169.2,52278.2,57296.5,62206.5,66991.4,71622.5,76086.2,80385.1,84537.6,88536.4,92371,96033.2,99514.9,102814,105970,108952,111725,114185,116345,118238,119841,121089,121866,121968,121063,119227,123581,131346,137386,142278,146456,
6616.69,13386.5,20305,27363.3,34545.1,41828.9,49189.5,56600.8,64031.1,71444.3,78811.4,86103.9,93293.8,100293,107063,113619,119973,126102,131972,137557,142832,147808,152727,157428,161760,165292,168147,170574,172639,174302,175425,175730,174643,171259,171436,177714,183442,188343,192664,
9686.93,19702.3,29915.9,40131.8,50119.9,59664.8,68614.2,76912.9,84593.3,91728.4,98452.2,104923,111292,117561,123886,130534,137685,145440,153834,162836,172310,182100,192757,203488,213512,221139,226571,230656,233856,236370,238194,239070,238126,232214,220004,217815,218963,220864,223035,
8431.11,15263.7,20739,25118.3,28624.6,31429.5,33667.1,35445.8,36858.5,37974.1,38867.4,39611.1,40266,40833.2,41388.8,42043.4,42872.8,43946.7,45334.2,47111.8,49372.3,52243.2,56105.1,60982.6,66950,73796.1,81799.5,91317.1,102375,114553,126913,138191,146950,148978,127915,111602,105170,103207,103383,
1554.24,2549.06,3097.77,3299.39,3260.81,3108.41,2983.29,3001.47,3210.92,3593.42,4103.3,4693.6,5325.04,5966.4,6594.35,7188.98,7733.94,8212.02,8608.36,8908.43,9098.35,9163.61,9078.03,8833.38,8419.65,7834.08,7052.09,6046.35,4825.96,3625.26,4902.13,14733.2,30836.7,52432.7,57917.7,46399.8,34261.2,20318,3040.55,
425.494,1001.32,1714.08,2544.75,3473.43,4481.72,5552.44,6669.13,7815.76,8978.33,10142.6,11294.1,12420.4,13515.8,14569.5,15567.1,16501.7,17363.7,18145,18838.4,19436.6,19929.2,20270.5,20480.5,20575.6,20609.1,20559.8,20388.6,20083.9,19674.4,19288.5,19392.6,21802.8,32940.8,49326.6,51656.4,51271.6,50250.3,48784.4,
899.054,1906.15,3004.65,4180.27,5419.05,6707.78,8033.93,9385.24,10749,12114.2,13468.7,14800.6,16099.1,17362.6,18581.6,19741.8,20838.6,21864.2,22811.8,23675.3,24449.1,25123.6,25644.6,26039.4,26330.3,26584.5,26776.4,26856.6,26800.9,26614.3,26361.4,26304.4,27544.6,35001.6,50994,55825.1,57391.1,58109.7,58428.2,
1168.58,2415.31,3728.27,5097.09,6511.13,7959.92,9433.17,10920.5,12410.8,13894.5,15360.9,16798.8,18198.6,19560.6,20876,22130.8,23321.7,24441.6,25484.2,26444.3,27316.9,28092.3,28712.6,29208.2,29603.4,29970.8,30282.3,30483.5,30544.2,30459.1,30268.5,30166.1,31025.4,37124.2,52492,58215,60520.5,61861.8,62755.4,
5171.95,10385.3,15629.5,20893.6,26163.4,31423.3,36656.4,41845.1,46969.9,52013.4,56957.4,61783.9,66477.2,71034,75443.8,79694.9,83801.2,87755.6,91549.6,95176.8,98631.1,101901,104914,107712,110323,112818,115159,117281,119120,120614,121681,122204,122091,122241,129963,138518,144607,149397,153422,
5915.25,11901.3,17946.3,24037.4,30157,36285.1,42400.3,48480.1,54499.7,60435,66263.3,71962.3,77512.2,82893.5,88091.9,93101.9,97942.3,102605,107079,111355,115426,119286,122913,126316,129494,132429,135111,137523,139623,141347,142594,143201,142946,142271,148346,156721,163049,168149,172494,
7293.54,14747.4,22349.4,30082.5,37921.5,45835.5,53790.6,61752.6,69684.3,77547.3,85312.5,92954.2,100450,107733,114777,121596,128215,134614,140766,146647,152235,157530,162712,167656,172245,176144,179441,182322,184827,186907,188434,189158,188601,186237,188405,195674,201933,207216,211841,
10118,20475.4,30908.9,41189.4,51060.8,60292.3,68728.3,76319.2,83110.2,89191,94709.5,99836.6,104737,109449,114151,119114,124543,130574,137288,144711,152776,161376,170960,180863,190397,198084,203989,208725,212615,215780,218171,219509,218946,213759,204796,205540,208647,212028,215390,
7809.7,13779.5,18192,21338.7,23470.3,24787.2,25452.1,25602.8,25365.5,24846.5,24149.6,23367.2,22570.5,21789,21078.2,20489.2,20040,19727.3,19541.9,19478.2,19543.4,19773,20294.6,21179.7,22587.7,24706.2,28010.1,33097.1,40386.6,49813.8,60587.4,71256.8,79781.9,81441.5,67418.9,64762.6,68841.2,74379.8,80070.3,
795.882,1364.09,2025.13,2927.14,4084.75,5466.27,7032.16,8743.5,10563.9,12461.6,14405.3,16363.9,18309.6,20227.6,22094.9,23882.1,25571.4,27141.8,28576.7,29861.3,30981.7,31919.1,32587,33025.1,33265,33403.7,33391.3,33139.9,32595.9,31733.9,30581.7,29346.4,29042.2,34535.3,47383.6,47440.3,43131.5,37347.5,32151.8,
1237.4,2694.94,4344.54,6161.49,8121.93,10203.6,12384.9,14642.8,16954.9,19300.4,21656,23997.3,26302.3,28569,30778.1,32899.7,34921.5,36827.6,38605.7,40246.4,41740.9,43073.5,44134.9,44990.4,45694.1,46395.5,47045.6,47546.4,47849.9,47947.8,47886.7,47860.2,48663,54039.5,68313.6,73758.3,75459.1,75838.7,75400.5,
1745.59,3647.12,5686.91,7849.78,10119.6,12479.8,14913.7,17403.2,19928.6,22471.9,25012.3,27527.9,29998.9,32426.8,34794.4,37071.6,39248.6,41311.5,43249.3,45053.7,46718,48226.6,49462.4,50497.2,51391.7,52309.9,53200.2,53957.6,54529.7,54903.7,55114.6,55319.7,56188.2,61035.5,75031,81552.6,84433.4,86084.3,87095.7,
2016.61,4158.07,6411.88,8766.22,11208.9,13726.2,16303.6,18924.1,21570.4,24226.1,26871.6,29485.8,32049.9,34567.7,37022.6,39385.7,41648.1,43796.6,45821.1,47714.1,49469.6,51072,52400.7,53531,54524.2,55550.6,56556.6,57433.8,58127.2,58620.1,58939.4,59221.9,60076.9,64646.8,78367.2,85258.1,88578.6,90671.7,92138.6,
6623.06,13389.5,20283.4,27286.4,34371.4,41506,48654.8,55778.7,62838.6,69805,76646.9,83337.1,89855.4,96239,102481,108543,114431,120127,125613,130871,135886,140619,144782,148548,152060,155701,159350,162768,165826,168467,170666,172432,173972,177002,188134,197215,203300,208028,211958,
7296.52,14745.4,22325.9,30012.3,37769.6,45557.9,53333.9,61051.4,68666.7,76147.1,83461.9,90586.2,97504.4,104247,110813,117180,123367,129363,135153,140724,146057,151119,155684,159881,163814,167761,171628,175228,178451,181232,183516,185256,186511,188577,198362,207592,214129,219319,223694,
8522.37,17236,26106.5,35090,44129.3,53159.2,62112.5,70925.1,79541.1,87919.5,96037.8,103890,111484,118834,125958,132885,139665,146300,152775,159072,165163,171023,176618,181934,186950,191611,195908,199835,203351,206389,208848,210562,211288,211346,217669,226626,233676,239489,244508,
10835.6,21730,32440.8,42660.8,52071.1,60405.9,67507.8,73351.6,78029.8,81692.1,84540.3,86793.1,88654.1,90252.7,91799.7,93551.6,95727.7,98497.7,102002,106356,111610,117757,125030,133053,141358,148965,155680,161652,166924,171464,175153,177698,178393,175558,173550,179462,185816,191603,196886,
6670.95,11135.1,13807.2,15136.3,15569,15541.8,15469.3,15698,16457.4,17831.7,19791.5,22240.7,25057.6,28137.9,31381.6,34675.4,37921.8,41022.6,43889.9,46442.8,48609.8,50309.8,51320.1,51680.3,51412.3,50643.5,49170,46739,43281.1,39074.9,34970.2,32206.3,31408.1,32291.8,40707.3,51467.7,60789.3,69221.2,76954.8,
1645.25,3802.35,6456.42,9568.98,13093.3,16982.3,21189.5,25665,30355.8,35214,40185.4,45213.1,50243.8,55283,60286.4,65166,69871,74350.2,78562.7,82474.2,86059.6,89271,91775.9,93786.5,95492.4,97383,99316.5,101001,102305,103208,103792,104328,105723,111541,123916,125112,121428,115421,108262,
2867.88,6114.22,9712.52,13640.8,17872.8,22379,27126.6,32076.9,37185.7,42414.1,47714.5,53036.6,58333.9,63626,68874.4,73993.2,78939.1,83667.2,88142.1,92335.2,96226.4,99770.2,102611,104983,107093,109476,111991,114338,116394,118156,119730,121409,124083,131203,145970,151590,153440,153948,153580,
3389.91,7085.66,11073.7,15341.8,19871.6,24639.3,29616.9,34769.1,40055.3,45440,50878.3,56323,61730.6,67125.9,72473.4,77689.1,82733.4,87563.9,92147.5,96457.2,100474,104153,107133,109650,111916,114474,117183,119737,122009,123996,125796,127679,130483,137516,152426,158912,161776,163443,164449,
3659.99,7593.16,11790.6,16243.9,20937.6,25850.4,30955.9,36220.9,41606,47077.5,52592.3,58104.5,63572.5,69023.7,74424.4,79691.8,84788.9,89674.3,94316.2,98688.3,102772,106523,109577,112172,114518,117164,119965,122613,124981,127061,128945,130889,133693,140579,155442,162269,165512,167569,168985,
9701.25,19686.6,29768,39700.5,49221.7,58124.8,66305.6,73762.2,80571.1,86861.6,92751.6,98357.8,103790,109295,114963,120784,126824,133146,139799,146800,154128,161639,168473,174866,181015,187902,195170,202134,208499,214225,219473,224659,230857,241632,258460,264920,268094,270369,272132,
10131.6,20461.9,30772.2,40789.4,50231.6,58887.1,66658.3,73554.8,79674.1,85160.1,90146.7,94763.3,99133.1,103493,107940,112495,117246,122279,127664,133456,139664,146200,152378,158375,164313,170941,177934,184705,190968,196646,201819,206764,212298,221535,237943,246190,250977,254609,257571,
10845.3,21716.8,32329,42345.7,51444.9,59406.1,66151.7,71734.9,76306.3,80059.1,83182.3,85857.5,88252,90578.8,92947.5,95425,98120.5,101123,104510,108356,112710,117570,122641,127982,133577,139683,146073,152387,158389,163938,168962,173466,177727,183692,197598,208292,215728,221696,226763,
11691,22649.2,32286,40018.8,45448.6,48481.8,49333.4,48419.9,46217.2,43142.2,39536.2,35667.8,31740.1,27920.7,24384.3,21333.1,19007.1,17666.5,17493.7,18446.8,20205.9,22401.1,25023.1,28219.8,32155.2,36679.7,41638.9,46875.1,52181.7,57325.7,62037.8,65965.7,68574.8,69527.9,76278.9,87377.5,96716.4,104698,111747,
4289.07,6575.13,8468.8,11463.6,16203.2,22585.9,30279,38974.9,48458,58601.6,69315,80536.4,92225.3,104501,117343,130598,144141,157856,171606,185203,198412,210866,221342,230119,237568,245098,252123,257396,259973,259056,254198,245969,236977,232248,220151,193181,170317,152890,140071,
5441.53,12048.5,19673.5,28129.2,37184.4,46617.4,56263,66024.3,75879.4,85868.2,96025.7,106389,116997,128078,139660,151610,163852,176325,188946,201591,214085,226112,236347,245205,253159,261928,271116,279798,287667,294842,301787,309406,319562,336172,348439,341144,330448,317300,300871,
6837.77,14538.3,22994.1,32041.4,41466.1,51064.8,60694,70281.8,79832.3,89409.4,99067.7,108861,118844,129261,140150,151392,162929,174715,186685,198731,210697,222280,232164,240758,248520,257133,266193,274774,282567,289689,296598,304192,314335,331209,346613,344795,341241,337932,334603,
7325.08,15411.1,24156.6,33400.3,42930.9,52550.1,62122.1,71584.8,80952.5,90298.3,99684.8,109173,118823,128885,139402,150261,161415,172825,184435,196144,207805,219123,228796,237227,244858,253343,262272,270722,278382,285355,292077,299412,309172,325555,341369,340508,337811,335385,333095,
7562.43,15837.7,24724.3,34060.3,43634.5,53250.3,62776.2,72154.6,81405.5,90606.7,99824.9,109125,118570,128413,138701,149323,160239,171414,182797,194293,205761,216909,226446,234772,242317,250715,259553,267913,275481,282352,288948,296112,305623,321677,337640,337214,334848,332685,330627,
8463.6,15275,20668.5,24936.2,28334.6,31060.1,33260.1,35049.8,36519.1,37751,38805.5,39737.7,40601.2,41510,42501.9,43576,44768.7,46135.8,47740,49651.2,51950.1,54700.1,57734.2,61303.5,65636.4,71279.8,78252.9,86384.3,95599.9,105862,117189,129848,145002,166059,184149,185617,185384,185306,185322,
7842.24,13798.6,18153.5,21234.7,23332.1,24674.6,25442.5,25785,25832.3,25701.2,25484.4,25259,25086.4,25039.6,25125.7,25324.4,25630.4,26038.8,26546.2,27159.1,27893.3,28774.1,29765.4,31025.2,32731.3,35214.9,38644.5,43137.6,48850.8,55928.9,64480.6,74700,87456.1,106223,128271,136560,141637,145865,149561,
6701.8,11167.1,13831.9,15197.1,15760.6,15991.5,16308.8,17041.3,18377.4,20362.2,22938.7,25996.3,29409.4,33028.1,36711.3,40350.7,43859.4,47151.6,50151.1,52793.4,55025.1,56815.8,58260.6,59255,59721.9,59492,58687.2,57507.1,56119,54721.7,53561.3,52880.4,52896.5,54983,67718.2,81294,91882.1,100835,108694,
4303.61,6606.12,8580.1,11770.8,16847.3,23712.3,32027.8,41485.7,51857.4,62982.1,74781.2,87225.5,100306,113859,127852,142353,157297,172541,187846,202869,217171,230336,242890,253730,261864,265381,264832,261520,256160,249025,240183,229642,217150,199347,161335,129583,109478,96875.9,89518.2,
6930.83,17029.9,28645.2,40907.4,53424.6,66049.3,78746.5,91531.5,104444,117531,130840,144420,158319,172595,187295,202446,218029,234088,250681,267869,285712,304266,323538,343565,364374,386070,408418,430837,452388,471599,486646,496156,500435,500267,472515,425658,381653,340700,302289,
11228.2,22484.6,33517,44299.2,54894.1,65385,75850.5,86357.8,96967.4,107741,118717,129930,141413,153299,165612,178300,191324,204714,218522,232802,247615,262978,278484,294404,310974,329018,348364,368490,389087,409939,430952,452376,475278,500765,505905,490426,475159,458623,438199,
11207.4,21984.3,32268.1,42149.4,51756.8,61208.6,70602.4,80015.6,89513,99157.8,108987,119031,129323,140004,151095,162532,174275,186352,198809,211698,225075,238948,252830,267028,281807,298091,315672,333967,352635,371452,390353,409639,430525,454671,460801,447450,435921,426460,418123,
11050.5,21516.1,31391.2,40801.3,49897,58810.1,67645.3,76482.9,85389.2,94429.4,103640,113051,122694,132714,143128,153872,164906,176257,187972,200099,212694,225762,238795,252113,265991,281377,298063,315446,333185,351063,369011,387336,407262,430640,437105,423863,412187,402484,393902,
10933.3,21206.1,30837.1,39970.2,48766.3,57362.3,65866.3,74361.7,82915.8,91593.6,100432,109461,118712,128330,138335,148658,159262,170175,181442,193113,205242,217832,230368,243175,256532,271400,287562,304418,321617,338944,356338,374110,393510,416471,422879,409769,398093,388302,379567,
1587.44,2612.4,3194.37,3443.65,3479.52,3432.2,3428.47,3559.97,3858.19,4306.27,4866.09,5497.42,6165.89,6843.85,7504.83,8126.63,8694.4,9194.12,9613.36,9941.29,10168.1,10284.8,10279.9,10154.6,9916.53,9592.68,9220.04,8876.31,8756.55,9350.5,11804.9,18244.3,31473.1,54614.7,73712.8,77514.7,81494.5,86906.9,93296.4,
829.598,1419.12,2090.06,2999.4,4170.58,5574.25,7170.29,8919.79,10784.2,12727.5,14716.2,16718.3,18704.2,20634.5,22481.2,24228.5,25865.4,27374.3,28737.9,29940,30965.7,31805.4,32494,32982.7,33224.9,33121,32674.3,31899.6,30760.4,29178.2,27024.4,24104.8,20269.3,17725.1,29657.7,39743.5,47064.5,54146.2,61731.3,
1638.23,3786.25,6443.71,9581.58,13161.9,17145.4,21490.3,26152,31082,36222.5,41518,46907.1,52327.2,57651.4,62804.4,67763.6,72499.9,76963.6,81108.4,84897,88297.8,91318.5,94229.1,96831.5,98947.2,100109,100454,100251,99570.7,98351.3,96413.3,93381.1,88396.2,79341,70460.7,70773.3,72146.3,73612.6,75593,
5415.55,12032,19757.8,28459.3,37955,48043.1,58542.4,69333.9,80362.5,91609,103123,114986,127275,139859,152785,166227,180208,194659,209411,224201,238662,252468,266391,279321,290273,297126,300551,302106,302731,302918,302877,302570,301395,295437,271063,250811,235820,221976,207892,
11205.3,22502.5,33658,44624.3,55438.2,66161.4,76859.6,87596.8,98434.4,109417,120601,132040,143780,155786,168110,180849,194011,207640,221787,236502,251848,267926,285211,303570,322931,342822,363389,384810,406823,428648,449117,467275,483216,496189,482260,453911,429072,405777,382042,
8980.92,17714.1,26275.2,34732,43146.6,51572.4,60055.1,68634.5,77346.9,86224.9,95297.1,104591,114131,123951,134074,144511,155239,166283,177679,189467,201692,214405,227639,241466,255989,271434,287931,305598,324671,345504,368633,394909,425683,461141,476103,474924,476587,477615,473522,
7615.16,15030.2,22320.1,29547.2,36765.6,44020.9,51351,58788,66361.2,74098.5,82021.5,90150.2,98504.2,107128,116038,125228,134672,144389,154408,164764,175496,186638,198124,210063,222586,236039,250501,265991,282683,300898,321157,344336,371894,404458,417719,414917,416291,420263,424429,
6968.83,13747.8,20411.5,27020.5,33626.9,40273.4,46995.7,53823.4,60783.1,67901,75196.3,82686.2,90388.3,98350.1,106587,115085,123821,132809,142078,151659,161590,171899,182486,193474,205005,217464,230913,245340,260898,277896,296847,318628,344720,375881,388114,383977,383763,386032,388472,
6604.38,13019.4,19319.4,25565.3,31808.3,38089.9,44444.6,50901.4,57485.9,64223.2,71131,78226,85524.6,93075.6,100893,108962,117257,125796,134603,143710,153153,162958,173011,183439,194393,206273,219135,232958,247881,264209,282459,303509,328861,359310,370879,366147,365207,366670,368260,
429.042,1001.4,1708.91,2535.07,3461.09,4468.48,5539.4,6656.68,7803.34,8963.41,10122,11264.7,12378.3,13444.6,14451.8,15394.4,16268.9,17066.2,17777.3,18393.1,18903.9,19302.4,19600.7,19770.9,19783.3,19580.4,19152,18487.1,17542.8,16239,14443.6,11949,8668.29,9734.14,26043.8,32126.9,35168.2,37484.6,39621.8,
1228.34,2677.38,4322.76,6141.7,8111.11,10208.4,12411,14695.9,17038.5,19413.7,21797.6,24166.4,26496.6,28748.2,30898.7,32945,34884.7,36704,38389.2,39926.6,41304.7,42520.3,43642.7,44608,45356,45737,45772.2,45512,44937.4,43969.1,42453.3,40091.1,36265.9,30189.8,30577.2,36484.5,40556.6,43406,45543.9,
2851.67,6089.33,9697.87,13662.2,17963,22578.1,27480.7,32639.4,38014.2,43556.4,49219.1,54949.4,60691.7,66317.7,71759.7,77007.6,82042.1,86817.4,91291.6,95430.6,99206.6,102635,106024,109162,111863,113613,114575,115057,115165,114865,114004,112242,108755,101359,93370.2,94255,96158.8,97651.9,98638.4,
6812.73,14530.5,23104.6,32425.4,42327.5,52624.1,63151.5,73811.9,84573.9,95440.6,106483,117802,129492,141432,153692,166466,179803,193656,207880,222238,236386,250018,263928,277016,288300,295631,299656,301904,303297,304322,305192,305876,305761,300993,280025,265592,257415,251679,247096,
11180.3,21999.7,32418,42501.8,52351.3,62062.2,71717.5,81390,91145.2,101028,111093,121396,131982,142796,153891,165375,177265,189605,202438,215813,229786,244462,260399,277421,295415,313767,332665,352400,372784,393099,412213,429159,443884,455180,439514,411943,389874,371855,356764,
7608.62,15028.2,22336.7,29593.6,36849.2,44145.6,51518.5,58999.2,66617.1,74396.2,82361.2,90536.1,98942.2,107588,116497,125690,135153,144906,154979,165403,176217,187472,199291,211689,224711,238407,252929,268485,285342,303862,324569,348305,376380,408800,420362,417084,418171,420988,422239,
5997.75,11942.4,17876.2,23833.3,29844.5,35936.7,42133.3,48455.1,54922.2,61552.6,68363,75369,82585.9,90033.9,97727.8,105672,113847,122268,130958,139941,149251,158919,168971,179455,190447,202114,214557,227880,242285,258095,275815,296301,320960,350208,359531,353720,353203,357087,364042,
5270.27,10523.2,15791.2,21101.6,26479.5,31946.9,37523.4,43226.5,49072.6,55077.8,61255.6,67619,74180.6,80964.1,87981.6,95231.8,102695,110384,118319,126524,135026,143855,152999,162521,172507,183164,194578,206818,220064,234625,250999,270036,293166,320918,329021,321568,319031,320599,324955,
4866.2,9726.2,14608.9,19539.2,24539.9,29631.1,34830.8,40154.8,45618.3,51236.1,57020.6,62983.2,69135.6,75502.7,82095.7,88910.6,95928.5,103161,110627,118350,126356,134671,143269,152220,161613,171676,182486,194098,206684,220546,236180,254438,276761,303745,311271,303051,299556,300022,303138,
890.333,1888.94,2980.9,4152.14,5388.45,6676.13,8001.78,9352.14,10713.8,12073.4,13419,14738.8,16021.7,17249,18411.2,19506.8,20536.1,21491.2,22364.5,23147.8,23832.4,24413.2,24914.2,25302.4,25543.5,25562.9,25356.2,24925.3,24232.9,23198.7,21678.7,19409,15925.9,11942.3,20528.1,27737.9,31571.6,34122.6,36036.8,
1733.66,3625.92,5662.76,7829.82,10111,12489.4,14947.2,17465.2,20023.3,22598.5,25170.2,27717,30217.8,32631.3,34938.6,37140.1,39236.9,41216.7,43066.7,44775.2,46331,47733.6,49064.1,50255.1,51241.3,51856.9,52129.5,52123.6,51828.3,51170.1,49998.6,48016.2,44590.5,38732.7,38030.7,43497.8,47642.9,50683,53020.1,
3374,7063.87,11067.2,15379.2,19988.5,24877.9,30025.7,35405.5,40981.6,46707.3,52539.1,58429,64324.3,70096.2,75680.9,81071.9,86253.1,91182.7,95818.4,100126,104080,107697,111299,114668,117616,119612,120825,121579,121985,122014,121521,120174,117166,110375,103078,104614,107227,109530,111455,
7300.06,15404.1,24272,33796.2,43814.3,54143.8,64626.9,75174.9,85765.9,96409.8,107187,118205,129568,141159,153056,165461,178432,191935,205834,219903,233808,247253,261030,274059,285359,292785,296964,299398,300982,302184,303197,303960,303811,298848,278552,265590,258792,254446,251394,
11023.2,21533.5,31547.2,41166.6,50513.4,59695.1,68801.6,77909.4,87085.6,96375,105834,115517,125469,135629,146050,156844,168033,179658,191763,204394,217606,231505,246674,262923,280129,297625,315619,334438,353921,373368,391654,407782,421590,431601,414433,386148,363613,345225,329844,
6959.69,13743.4,20429.8,27076.1,33729.4,40428.4,47205.5,54089.5,61106.8,68278.8,75628.4,83178.1,90947.7,98937.6,107169,115669,124425,133457,142791,152457,162490,172939,183961,195547,207724,220474,233956,248407,264102,281399,300809,323150,349689,380318,389797,384584,383700,384468,383622,
5267.61,10520.9,15793.2,21111.4,26499.5,31978.6,37567.7,43283.8,49143.4,55161.3,61351.9,67729.3,74306.9,81096.1,88110.7,95358.9,102825,110521,118469,126690,135213,144071,153318,162982,173118,183826,195214,207412,220633,235191,251579,270627,293699,321104,328262,320329,317546,318948,323181,
4515.01,9058.01,13650.6,18311.4,23057.8,27905.5,32869.2,37962.1,43197.2,48587,54142.6,59875.1,65795.5,71918.6,78255.2,84807.9,91560.4,98523.3,105715,113155,120868,128883,137219,145918,155044,164738,175091,186201,198256,211557,226589,244178,265710,291609,297534,287925,283064,282062,283569,
4099.54,8240.87,12441.4,16716.7,21081.5,25549.5,30133.4,34844.8,39695.2,44695.8,49856.6,55187,60696.9,66402.6,72313.6,78430.2,84736.2,91241.6,97963.2,104920,112136,119636,127424,135550,144082,153179,162925,173404,184795,197394,211682,228488,249208,274334,279682,269296,263457,261319,261537,
1158.71,2396.8,3703.98,5069.83,6483.15,7932.74,9407.35,10895.4,12385.5,13865.5,15324.9,16753,18140,19466.8,20725.4,21916,23040.7,24092.8,25064.8,25949.1,26737.8,27426.6,28044.9,28557.9,28929,29075.9,28997,28700.9,28152.7,27273.7,25920.4,23823.7,20480.7,16014.6,21918.5,29143.2,33338.9,36223.2,38432.6,
2005.1,4139.08,6392.65,8755.63,11215,13756.3,16363.9,19021.1,21709,24405.8,27092.4,29749,32355.9,34871.1,37277.1,39576,41770.7,43850.2,45801.7,47614,49276.7,50790.2,52241.4,53560,54679.9,55427.1,55832.3,55966.3,55821.2,55325.9,54332,52545,49337.7,43693.6,42783.6,48223.5,52529.4,55798.1,58399.9,
3644.38,7572.68,11787.5,16287.9,21065.3,26105.3,31388.2,36889.6,42575.5,48401.1,54324.8,60300.2,66276.5,72125.6,77785.3,83251.5,88510.2,93520.4,98240.5,102637,106684,110400,114110,117596,120669,122790,124131,125020,125570,125754,125428,124261,121455,114929,108067,109962,112902,115542,117824,
7538.7,15835.3,24849.2,34472.7,44542.6,54876.3,65318.5,75783.8,86254.7,96748.2,107348,118167,129310,140669,152323,164484,177216,190492,204184,218076,231845,245199,258929,271951,283289,290800,295090,297640,299328,300611,301672,302439,302231,297178,277206,264792,258472,254538,251851,
10904.7,21219.6,30986.8,40326,49369.3,58230.5,67002.8,75764.7,84584.6,93507.4,102590,111887,121442,131194,141194,151557,162306,173483,185132,197298,210035,223449,238135,253898,270608,287580,305028,323300,342247,361181,378983,394637,407919,417197,399194,370527,347735,329114,313501,
6592.85,13010.8,19333.2,25617,31908.3,38244.2,44656.2,51171.6,57815.9,64609,71573,78729.7,86098.2,93675.2,101481,109545,117857,126435,135307,144498,154043,163992,174515,185594,197245,209420,222282,236081,251097,267684,286349,307899,333578,363222,371580,365314,363343,362978,360977,
4862.17,9722.24,14610.7,19551.6,24566.3,29673.8,34890.9,40233.1,45715.4,51351,57153.2,63135.3,69309.8,75684.2,82271.6,89082.2,96102.1,103344,110826,118570,126603,134957,143702,152855,162461,172588,183348,194886,207416,221252,236880,255119,277313,303721,309752,300708,296733,296839,299684,
4098.16,8239.28,12441.3,16719.4,21088.1,25560.7,30149.5,34866.2,39722,44727.6,49893.4,55229.4,60745.6,66452.9,72361.4,78475.6,84781.2,91288.2,98013.4,104975,112198,119708,127540,135726,144320,153431,163155,173601,184963,197539,211807,228584,249235,274139,278951,268236,262178,259868,259966,
3678.29,7414.53,11222,15113,19099,23191.1,27399.7,31734.9,36206.1,40823,45594.4,50529,55635.7,60926.6,66410.8,72089.7,77950.1,84001,90257.5,96738.2,103464,110461,117748,125362,133365,141883,151003,160824,171528,183409,196945,212955,232820,256953,261005,249548,242546,239122,237945,
4396.84,8801.27,13205.1,17599.8,21975,26319.2,30620.8,34867.6,39046.6,43145.6,47152.7,51056.7,54847.3,58514.5,62051.2,65456.4,68745.4,71914.1,74955.7,77864.9,80635.9,83262.8,85730.8,88042.4,90192.1,92161.9,93937.7,95499.6,96804.1,97785,98341.5,98311.9,97489.2,96528.9,102329,109966,115666,120191,124027,
5169.69,10383.2,15632.3,20907.6,26196.1,31482.9,36752.2,41987.2,47169.2,52278.2,57296.5,62206.5,66991.4,71622.5,76086.2,80385.1,84537.6,88536.4,92371,96033.2,99514.9,102814,105970,108952,111725,114185,116345,118238,119841,121089,121866,121968,121063,119334,123451,130675,136484,141257,145374,
6616.69,13386.5,20305,27363.3,34545.1,41828.9,49189.5,56600.8,64031.1,71444.3,78811.4,86103.9,93293.8,100293,107063,113619,119973,126102,131972,137557,142832,147808,152727,157428,161760,165292,168147,170574,172639,174302,175425,175730,174644,171378,171614,177237,182672,187493,191799,
9686.93,19702.3,29915.9,40131.8,50119.9,59664.8,68614.2,76912.9,84593.3,91728.4,98452.2,104923,111292,117561,123886,130534,137685,145440,153834,162836,172310,182100,192757,203488,213512,221139,226571,230656,233856,236370,238194,239070,238126,232281,220855,218059,218952,220976,223292,
8431.14,15261.4,20734.6,25110.1,28611.5,31412.1,33645.7,35419.5,36826.3,37936.4,38824.2,39561.4,40208.7,40768.2,41315,41960.4,42780.2,43842.7,45216.6,46980.7,49224.9,52077.8,55917.2,60771.5,66712.9,73529.5,81501,90987.8,102023,114195,126572,137893,146712,148686,129278,113474,106740,104474,104368,
1554.13,2548.18,3096.27,3296.93,3257.38,3104.87,2980.69,3000.64,3212.51,3597.63,4110,4702.81,5336.85,5980.69,6611.28,7208.44,7755.81,8236.56,8635.5,8938.13,9130.88,9198.97,9116.43,8874.62,8463.9,7882.14,7104.38,6103.88,4888.72,3685.86,4844.5,14511.9,30556.5,51711.7,57173.2,47221,35881.7,22495.9,5711.25,
425.494,1001.33,1714.08,2544.75,3473.43,4481.72,5552.44,6669.13,7815.77,8978.34,10142.6,11294.1,12420.4,13515.8,14569.5,15567.1,16501.7,17363.8,18145.2,18838.7,19436.8,19929.5,20270.8,20480.7,20576,20609.4,20560,20388.8,20084.2,19674.6,19288.7,19392.8,21803.6,32753.4,47912.1,50793.6,50733,49825.2,48423.3,
899.054,1906.15,3004.65,4180.27,5419.05,6707.78,8033.93,9385.24,10749,12114.2,13468.7,14800.6,16099.1,17362.6,18581.6,19741.8,20838.6,21864.2,22811.8,23675.3,24449.1,25123.6,25644.6,26039.4,26330.3,26584.5,26776.4,26856.6,26800.9,26614.3,26361.4,26304.4,27545.4,34910.6,49660.8,54810.2,56627.5,57431.4,57797.2,
1168.58,2415.31,3728.27,5097.09,6511.13,7959.92,9433.17,10920.5,12410.8,13894.5,15360.9,16798.8,18198.6,19560.6,20876,22130.8,23321.7,24441.6,25484.2,26444.3,27316.9,28092.3,28712.6,29208.2,29603.4,29970.8,30282.3,30483.5,30544.2,30459.1,30268.5,30166.1,31026.3,37068.2,51232.8,57164.2,59680,61089.1,62019.8,
5171.95,10385.3,15629.5,20893.6,26163.4,31423.3,36656.4,41845.1,46969.9,52013.4,56957.4,61783.9,66477.2,71034,75443.8,79694.9,83801.2,87755.6,91549.6,95176.8,98631.1,101901,104914,107712,110323,112818,115159,117281,119120,120614,121681,122204,122092,122328,129592,137743,143669,148331,152274,
5915.25,11901.3,17946.3,24037.4,30157,36285.1,42400.3,48480.1,54499.7,60435,66263.3,71962.3,77512.2,82893.5,88091.9,93101.9,97942.3,102605,107079,111355,115426,119286,122913,126316,129494,132429,135111,137523,139623,141347,142594,143201,142947,142370,148124,156020,162140,167105,171371,
7293.54,14747.4,22349.4,30082.5,37921.5,45835.5,53790.6,61752.6,69684.3,77547.3,85312.5,92954.2,100450,107733,114777,121596,128215,134614,140766,146647,152235,157530,162712,167656,172245,176144,179441,182322,184827,186907,188434,189158,188601,186353,188474,195121,201106,206295,210891,
10118,20475.4,30908.9,41189.4,51060.8,60292.3,68728.3,76319.2,83110.2,89191,94709.5,99836.6,104737,109449,114151,119114,124543,130574,137288,144711,152776,161376,170960,180863,190397,198084,203989,208725,212615,215780,218171,219509,218946,213849,205521,205591,208405,211849,215318,
7809.7,13779.5,18192,21338.7,23470.3,24787.2,25452.1,25602.8,25365.5,24846.5,24149.6,23367.2,22570.5,21789,21078.2,20489.2,20040,19727.3,19541.9,19478.2,19543.4,19773,20294.6,21179.7,22587.7,24706.2,28010.1,33097.1,40386.6,49813.8,60587.4,71256.8,79780.2,81394.9,68829.4,65899.3,69376.5,74552.3,80014.2,
795.939,1364.15,2025.73,2928.82,4088.09,5471.42,7039.13,8752.76,10575.9,12476.3,14422.8,16384.6,18334,20255.5,22126.9,23917.9,25610.9,27185.6,28624.9,29913.4,31038,31979.6,32651.7,33093.5,33337.3,33480.6,33473.5,33228.3,32690.4,31834.9,30689.4,29459.1,29148.8,34478.7,46123.4,46571.2,42521.9,36811.9,31562.5,
1237.4,2694.93,4344.54,6161.49,8121.93,10203.6,12384.9,14642.8,16954.9,19300.4,21656,23997.3,26302.3,28569,30778.1,32899.7,34921.5,36827.6,38605.7,40246.4,41740.9,43073.5,44134.9,44990.4,45694.1,46395.5,47045.6,47546.4,47849.9,47947.8,47886.7,47860.2,48663.9,53999,67144.2,72747.2,74626.9,75041.5,74619.7,
1745.59,3647.12,5686.91,7849.78,10119.6,12479.8,14913.7,17403.2,19928.6,22471.9,25012.3,27527.9,29998.9,32426.8,34794.4,37071.6,39248.6,41311.5,43249.3,45053.7,46718,48226.6,49462.4,50497.2,51391.7,52309.9,53200.2,53957.6,54529.7,54903.7,55114.6,55319.7,56189.1,61017.2,73945.4,80546.8,83567.3,85228.2,86236.6,
2016.61,4158.07,6411.89,8766.55,11209.2,13726.6,16303.9,18924.5,21570.7,24226.4,26872,29486.1,32050.2,34568,37023.1,39386,41648.4,43796.9,45821.4,47714.5,49469.9,51072.3,52400.9,53531.2,54524.8,55551.1,56557.1,57434.3,58127.7,58620.6,58939.9,59222.4,60078.4,64638.4,77331.4,84263.9,87700.3,89789.3,91243.5,
6621.98,13386.8,20279,27279,34361,41492.7,48638.6,55758.3,62814.3,69777,76615.4,83301.7,89815.8,96195.2,102433,108491,114374,120065,125545,130798,135808,140535,144693,148456,151963,155599,159243,162654,165708,168344,170538,172300,173838,176940,187498,196386,202355,206870,210631,
7297.69,14748.3,22330.7,30019.6,37780,45571.5,53350.5,61071.4,68690.6,76174.4,83492.4,90620.2,97542,104288,110857,117227,123418,129418,135214,140788,146126,151194,155763,159964,163901,167853,171725,175330,178558,181343,183633,185379,186639,188764,198030,207010,213403,218396,222621,
8522.37,17236,26106.5,35090,44129.3,53159.2,62112.5,70925.1,79541.1,87919.5,96037.8,103890,111484,118834,125958,132885,139665,146300,152775,159072,165163,171023,176618,181934,186950,191611,195908,199835,203351,206389,208848,210562,211289,211448,217516,225991,232809,238468,243393,
10835.6,21730,32440.8,42660.8,52071.1,60405.9,67507.8,73351.6,78029.8,81692.1,84540.3,86793.1,88654.1,90252.7,91799.7,93551.6,95727.7,98497.7,102002,106356,111610,117757,125030,133053,141358,148965,155680,161652,166924,171464,175153,177698,178393,175673,173970,179178,185214,190961,196268,
6670.52,11137,13811.1,15143.5,15579.5,15553.1,15478.8,15703.8,16456,17821.1,19770.6,22208.7,25013.6,28081.7,31312.3,34592.8,37826.1,40912.7,43765.1,46304.2,48456.4,50141.8,51137.2,51484.6,51202.9,50417,48923.1,46472.9,43004.1,38808.3,34752.1,32075.2,31366.6,32393.8,40426,50733.5,59865.6,68192.8,75870.3,
1645.25,3802.35,6456.42,9568.98,13093.3,16982.3,21189.5,25665,30355.8,35214,40185.4,45213.1,50243.8,55283,60286.4,65166,69871,74350.2,78562.7,82474.2,86059.6,89271,91775.9,93786.5,95492.4,97383,99316.5,101001,102305,103208,103792,104328,105723,111468,122784,124334,120845,114822,107652,
2867.46,6112.67,9709.75,13636,17865,22368.2,27112.6,32058.7,37162.4,42385.6,47680.8,52996.5,58286.6,63571.3,68811.5,73921.9,78859.8,83578.5,88043.8,92228.5,96110.7,99646.1,102480,104846,106950,109326,111834,114173,116221,117978,119547,121222,123902,131003,144760,150663,152648,153030,152532,
3389.41,7084.03,11070.8,15337,19863.9,24628.7,29603.1,34750.5,40031.8,45411.4,50844.7,56283.4,61684,67072.3,72411.9,77619.6,82656,87477.8,92052.3,96353.8,100362,104034,107006,109518,111778,114330,117032,119578,121845,123827,125622,127503,130311,137339,151278,158011,160990,162517,163383,
3659.46,7591.49,11787.7,16239.1,20930,25839.9,30942.4,36203.4,41583.7,47050.3,52560.1,58066.5,63527.8,68972.2,74365.1,79624.8,84714.3,89591.3,94224.9,98589.1,102665,106408,109455,112044,114386,117025,119820,122461,124823,126899,128778,130720,133528,140411,154325,161376,164720,166629,167899,
9702.64,19690.1,29773.2,39707,49227.8,58129.2,66306.9,73756,80556.9,86839,92721,98317.4,103738,109231,114887,120696,126723,133032,139672,146664,153984,161491,168326,174724,180880,187777,195056,202033,208409,214145,219402,224593,230789,241448,257502,264651,267932,269822,271213,
10131.6,20461.9,30772.2,40789.4,50231.6,58887.1,66658.3,73554.8,79674.1,85160.1,90146.7,94763.3,99133.1,103493,107940,112495,117246,122279,127664,133456,139664,146200,152378,158375,164313,170941,177934,184705,190968,196646,201819,206764,212299,221498,237114,245761,250587,253882,256528,
10843.6,21713,32323.6,42340.2,51442,59407.8,66159.4,71754.6,76338.3,80103.5,83238.6,85927.5,88337.6,90679.2,93064.8,95558.5,98270,101291,104698,108561,112934,117811,122897,128247,133846,139955,146346,152656,158654,164196,169213,173710,177969,184000,197287,207868,215200,220921,225782,
11692.9,22652.1,32288.7,40016.6,45435.4,48455.5,49293.8,48363.5,46142.1,43051.1,39431.4,35548.4,31605.2,27771.6,24219.5,21154.6,18819,17475.2,17310.6,18285.5,20061,22252.3,24843.2,27990.5,31872.6,36350,41272.6,46484,51774.9,56910.7,61621.1,65551.9,68168.6,69233.8,75754.8,86276.2,95384.7,103268,110275,
4288.42,6575.81,8468,11457.8,16188.6,22562.2,30247.4,38936.4,48413.6,58552.1,69260.7,80478,92162.9,104434,117270,130518,144053,157756,171489,185066,198247,210669,221104,229841,237245,244725,251692,256898,259392,258377,253412,245087,236043,230959,218258,192915,170545,152969,139927,
5441.53,12048.5,19673.5,28129.2,37184.4,46617.4,56263,66024.3,75879.4,85868.2,96025.7,106389,116997,128078,139660,151610,163852,176325,188946,201591,214085,226112,236347,245205,253159,261928,271116,279798,287667,294842,301787,309406,319562,335875,347672,342220,331961,318411,301627,
6837.77,14538.3,22994.1,32041.4,41466.1,51064.8,60694,70281.8,79832.3,89409.4,99067.7,108861,118844,129261,140150,151392,162929,174715,186685,198731,210697,222280,232164,240758,248520,257133,266193,274774,282567,289689,296598,304192,314335,330946,345800,345678,342497,338675,334800,
7324.27,15408.2,24151.7,33392.9,42921.3,52539.4,62111.3,71576.4,80947,90295.9,99684.9,109176,118830,128896,139416,150277,161431,172840,184446,196147,207796,219098,228750,237159,244768,253230,262136,270566,278209,285168,291882,299214,308985,325157,340298,341029,338690,335762,332941,
7562.43,15837.7,24724.3,34060.3,43634.5,53250.3,62776.2,72154.6,81405.5,90606.7,99824.9,109125,118570,128413,138701,149323,160239,171414,182797,194293,205761,216909,226446,234772,242317,250715,259553,267913,275481,282352,288948,296112,305623,321440,336791,337926,335891,333219,330625,
8463.64,15272.7,20664.2,24928.4,28322.1,31043.5,33239.7,35023.7,36487.6,37714.3,38763.8,39690.2,40547,41449.2,42433.2,43499.3,44683.7,46041,47633.8,49533.9,51819.5,54555.2,57573,61126.7,65443.1,71067,78018.4,86129.5,95328.3,105579,116903,129563,144715,165475,182844,185566,185712,185429,185180,
7842.05,13800.8,18157.7,21242.6,23344.6,24691.2,25462.5,25810.1,25861.7,25734,25519.6,25296.3,25125.6,25079.8,25167,25366.3,25672.7,26082.3,26592.2,27208.1,27947.3,28835.6,29837.1,31110,32833,35340.2,38800.3,43328.2,49078,56191,64771.9,75013.7,87791.7,106433,127324,136244,141576,145682,149211,
6701.8,11167.1,13831.9,15197.1,15760.6,15991.5,16308.8,17041.3,18377.4,20362.2,22938.7,25996.3,29409.4,33028.1,36711.3,40350.7,43859.4,47151.6,50151.1,52793.4,55025.1,56815.8,58260.6,59255,59721.9,59492,58687.2,57507.1,56119,54721.7,53561.3,52880.4,52897.2,55070.2,67179.2,80381.7,90921.8,99838,107670,
4303.61,6606.12,8580.1,11770.8,16847.3,23712.3,32027.8,41485.7,51857.4,62982.1,74781.2,87225.5,100306,113859,127852,142353,157297,172541,187846,202869,217171,230336,242890,253730,261864,265381,264832,261520,256160,249025,240183,229642,217148,199201,162650,131410,111046,98076.7,90323,
6931.97,17030.2,28646.6,40911,53431.9,66060.9,78762.8,91554.7,104474,117568,130884,144473,158381,172666,187376,202538,218132,234203,250810,268010,285868,304436,323723,343761,364581,386283,408628,431028,452529,471651,486565,495916,500044,499288,471884,427373,384454,343900,305632,
11228.2,22484.6,33517,44299.2,54894.1,65385,75850.5,86357.8,96967.4,107741,118717,129930,141413,153299,165612,178300,191324,204714,218522,232802,247615,262978,278484,294404,310974,329018,348364,368490,389087,409939,430952,452376,475276,500330,505973,493140,478542,461617,440781,
11206.5,21981.2,32262.7,42140.6,51743.6,61191.4,70581.3,79990.1,89482.3,99121.9,108946,118985,129271,139946,151030,162460,174196,186264,198713,211594,224962,238824,252697,266887,281659,297935,315512,333805,352477,371309,390231,409543,430445,454190,460885,450142,439259,429304,420336,
11051.3,21519.2,31396.5,40810,49909.9,58827.1,67665.9,76507.8,85419.1,94464.2,103680,113096,122745,132770,143191,153942,164982,176341,188063,200199,212803,225880,238922,252248,266132,281526,298215,315602,333335,351197,369124,387423,407330,430260,436812,426076,415033,404848,395658,
10932.5,21203.1,30831.9,39961.7,48753.5,57345.6,65846,74337.1,82886.4,91559.4,100393,109417,118663,128275,138273,148590,159188,170094,181353,193015,205136,217716,230244,243044,256394,271254,287413,304266,321471,338813,356228,374025,393441,416004,422833,412223,401155,390869,381516,
1587.44,2612.4,3194.37,3443.65,3479.52,3432.2,3428.47,3559.97,3858.19,4306.27,4866.09,5497.42,6165.89,6843.85,7504.83,8126.63,8694.4,9194.12,9613.36,9941.29,10168.1,10284.8,10279.9,10154.6,9916.53,9592.68,9220.04,8876.31,8756.55,9350.5,11804.9,18244.3,31472.4,54266.6,72448,77345.6,81899.4,87510.4,93963.5,
829.598,1419.12,2090.06,2999.4,4170.58,5574.25,7170.29,8919.79,10784.2,12727.5,14716.2,16718.3,18704.2,20634.5,22481.2,24228.5,25865.4,27374.3,28737.9,29940,30965.7,31805.4,32494,32982.7,33224.9,33121,32674.3,31899.6,30760.4,29178.2,27024.4,24104.8,20269.9,17798.3,28660.2,38593.1,46086,53331.6,61070.9,
1638.49,3787.64,6446.37,9586.48,13170.2,17157.1,21505.8,26173.5,31109.9,36257.1,41559.4,46956.8,52386.7,57720.8,62884.7,67854.7,72601.7,77076.9,81233.7,85032.7,88444.2,91475,94396.7,97008.5,99133.5,100303,100656,100461,99787.5,98576.4,96648.2,93629,88663.8,79750.5,71205.9,70773.4,71687.8,72896.8,74707,
5415.55,12032,19757.8,28459.3,37955,48043.1,58542.4,69333.9,80362.5,91609,103123,114986,127275,139859,152785,166227,180208,194659,209411,224201,238662,252468,266391,279321,290273,297126,300551,302106,302731,302918,302877,302570,301393,295332,272178,252211,237420,223919,209959,
11206.5,22505.9,33663.9,44635,55453.6,66181.5,76884.1,87627.6,98471.4,109460,120650,132096,143844,155858,168191,180938,194110,207750,221908,236636,251994,268086,285388,303763,323143,343051,363632,385061,407063,428852,449253,467322,483174,495631,482103,455638,432098,409824,386705,
8980.92,17714.1,26275.2,34732,43146.6,51572.4,60055.1,68634.5,77346.9,86224.9,95297.1,104591,114131,123951,134074,144511,155239,166283,177679,189467,201692,214405,227639,241466,255989,271434,287931,305598,324671,345504,368633,394909,425680,460709,476278,477549,480207,481471,477431,
7615.16,15030.2,22320.1,29547.2,36765.6,44020.9,51351,58788,66361.2,74098.5,82021.5,90150.2,98504.2,107128,116038,125228,134672,144389,154408,164764,175496,186638,198124,210063,222586,236039,250501,265991,282683,300898,321157,344336,371891,404022,417837,417604,420031,424136,428119,
6968.83,13747.8,20411.5,27020.5,33626.9,40273.4,46995.7,53823.4,60783.1,67901,75196.3,82686.2,90388.3,98350.1,106587,115085,123821,132809,142078,151659,161590,171899,182486,193474,205005,217464,230913,245340,260898,277896,296847,318628,344718,375444,388188,386618,387451,389835,392079,
6603.36,13016.8,19315.3,25559.4,31800.1,38079.6,44432.3,50886.7,57468.5,64203,71108.2,78200.1,85495.4,93043.1,100857,108922,117214,125748,134551,143653,153091,162890,172937,183360,194307,206178,219032,232841,247752,264066,282297,303323,328638,358643,370882,368691,368776,370354,371781,
429.112,1001.8,1709.67,2536.45,3463.35,4471.62,5543.42,6661.82,7809.86,8971.28,10131.2,11275.5,12390.8,13458.9,14467.9,15412.3,16288.4,17087.8,17800.9,18418.6,18931.4,19331.8,19632.3,19804.4,19819,19618.3,19192,18529.9,17588.5,16288,14496.7,12006.5,8723.57,9625.84,24569.4,30944.8,34239.8,36693,38935.1,
1228.53,2678.16,4324.16,6144.13,8115.01,10213.8,12418,14704.8,17049.9,19427.6,21814.1,24185.7,26519.4,28773.7,30927.8,32977.5,34920.6,36743.6,38432,39972.9,41354.3,42573.3,43699.1,44667.7,45418.9,45803.1,45841.3,45584.4,45013.1,44049.1,42538.7,40184,36370.7,30417.1,30459.3,35716.4,39578.3,42350.1,44460.6,
2852.08,6090.88,9700.63,13667,17970.9,22589.2,27495.3,32658.6,38039.3,43587.7,49256.8,54995,60746.4,66381.7,71834,77092.2,82136.4,86922.8,91408.1,95556.7,99342.7,102780,106178,109325,112035,113792,114758,115246,115360,115065,114211,112458,108987,101729,94169.8,94389.1,95916.5,97263.3,98174.6,
6812,14527.7,23099.7,32416.5,42315.6,52610.2,63136.6,73799.2,84564.3,95434.2,106481,117805,129502,141449,153715,166494,179833,193685,207904,222250,236376,249980,263852,276901,288143,295437,299430,301656,303034,304048,304909,305583,305445,300533,280700,266393,258388,253114,248886,
11180.3,21999.7,32418,42501.8,52351.3,62062.2,71717.5,81390,91145.2,101028,111093,121396,131982,142796,153891,165375,177265,189605,202438,215813,229786,244462,260399,277421,295415,313767,332665,352400,372784,393099,412213,429159,443881,454806,439847,413974,393098,376150,361821,
7609.83,15031.2,22341.5,29600.6,36858.9,44157.8,51533.2,59016.9,66638,74420.4,82388.7,90567.3,98977.6,107628,116541,125739,135206,144964,155043,165473,176293,187555,199382,211787,224819,238526,253059,268632,285506,304043,324775,348541,376653,408651,420647,419655,421695,424842,426284,
5998.75,11944.8,17879.9,23839,29852.2,35946.3,42144.7,48469,54938.6,61571.5,68384.3,75393,82613.1,90064.2,97761.5,105709,113887,122312,131005,139994,149307,158981,169038,179527,190527,202201,214653,227987,242404,258227,275966,296475,321166,349989,359706,356344,356897,361084,368101,
5270.27,10523.2,15791.2,21101.6,26479.5,31946.9,37523.4,43226.5,49072.6,55077.8,61255.6,67619,74180.6,80964.1,87981.6,95231.8,102695,110384,118319,126524,135026,143855,152999,162521,172507,183164,194578,206818,220064,234625,250999,270036,293163,320484,329103,324088,322588,324412,328787,
4866.99,9728.03,14611.8,19543.4,24545.5,29638.2,34839.3,40165,45630.3,51250,57036.4,63001.1,69155.7,75525.2,82120.6,88938.1,95958.1,103193,110663,118388,126398,134717,143318,152273,161671,171741,182556,194177,206773,220645,236295,254574,276925,303480,311332,305559,303125,303858,307006,
890.475,1889.45,2981.77,4153.61,5390.74,6679.24,8005.71,9357.12,10720,12080.9,13427.8,14749,16033.5,17262.3,18426.2,19523.6,20554.3,21511.3,22386.4,23171.3,23857.7,24440.2,24943.2,25333.1,25576,25597.3,25392.5,24964.2,24274.3,23243.1,21727.2,19463.3,15988.5,12074.5,19582.1,26568.9,30460.2,33064,35027.4,
1733.93,3626.8,5664.26,7832.33,10114.9,12494.7,14954,17474.4,20034.8,22612.5,25186.6,27736.1,30240.2,32656.8,34967.5,37172.3,39272.3,41255.6,43109,44820.6,46379.6,47785.3,49119.3,50313,51302.2,51920.6,52196.2,52193.5,51901.4,51246.9,50080,48104.3,44690.2,38961.1,38084.6,42886.9,46774.5,49711.5,52005.9,
3374,7063.87,11067.2,15379.2,19988.5,24877.9,30025.7,35405.5,40981.6,46707.3,52539.1,58429,64324.3,70096.2,75680.9,81071.9,86253.1,91182.7,95818.4,100126,104080,107697,111299,114668,117616,119612,120825,121579,121985,122014,121521,120174,117166,110484,103667,104562,106812,108989,110861,
7300.86,15406.9,24276.8,33803.6,43824.2,54155.2,64638.6,75184.8,85771.6,96411.2,107183,118195,129550,141133,153022,165420,178388,191890,205793,219872,233795,247267,261081,274146,285483,292944,297151,299607,301206,302419,303439,304213,304081,299125,279991,266903,260141,256182,253442,
11024,21536.7,31552.7,41175.7,50527.1,59713.1,68823.5,77937,87118.8,96413.3,105877,115567,125525,135692,146121,156923,168119,179754,191869,204511,217734,231645,246830,263094,280316,297829,315837,334665,354140,373555,391781,407828,421552,431076,414456,387811,366429,349077,334415,
6959.69,13743.4,20429.8,27076.1,33729.4,40428.4,47205.5,54089.5,61106.8,68278.8,75628.4,83178.1,90947.7,98937.6,107169,115669,124425,133457,142791,152457,162490,172939,183961,195547,207724,220474,233956,248407,264102,281399,300809,323150,349687,379893,389974,386987,387044,388203,387645,
5267.61,10520.9,15793.2,21111.4,26499.5,31978.6,37567.7,43283.8,49143.4,55161.3,61351.9,67729.3,74306.9,81096.1,88110.7,95358.9,102825,110521,118469,126690,135213,144071,153318,162982,173118,183826,195214,207412,220633,235191,251579,270627,293697,320672,328384,322833,321081,322789,327094,
4515.01,9058.01,13650.6,18311.4,23057.8,27905.5,32869.2,37962.1,43197.2,48587,54142.6,59875.1,65795.5,71918.6,78255.2,84807.9,91560.4,98523.3,105715,113155,120868,128883,137219,145918,155044,164738,175091,186201,198256,211557,226589,244178,265708,291175,297613,290397,286569,285858,287421,
4099.54,8240.87,12441.4,16716.7,21081.5,25549.5,30133.4,34844.8,39695.2,44695.8,49856.6,55187,60696.9,66402.6,72313.6,78430.2,84736.2,91241.6,97963.2,104920,112136,119636,127424,135550,144082,153179,162925,173404,184795,197394,211682,228488,249205,273899,279731,271732,266922,265065,265332,
1158.71,2396.8,3703.98,5069.84,6483.16,7932.75,9407.36,10895.6,12385.7,13865.8,15325.1,16753.2,18140.2,19467,20725.5,21916.2,23041,24093,25065,25949.3,26737.9,27426.7,28045.1,28558.1,28929.2,29076.1,28997.4,28701,28152.9,27274,25920.5,23823.8,20481.3,16121.7,21268.3,28076.9,32232.3,35124,37355.6,
2004.8,4138.18,6391.11,8753.11,11211.2,13751,16357.2,19012.5,21698.1,24392.6,27076.8,29730.7,32334.4,34847,37249.7,39545.4,41737,43813.1,45761.7,47570.8,49230.6,50741.1,52189.4,53505.2,54622.4,55366.9,55769.6,55901,55753.2,55254.4,54256.1,52462.4,49244.4,43710.5,42811.5,47594,51617.2,54765.9,57312.5,
3643.85,7571,11784.6,16283,21057.5,26094.5,31374,36870,42550.3,48370,54287.4,60255.4,66223,72063.3,77713.3,83169.8,88418.9,93418.8,98128.4,102515,106554,110261,113961,117440,120505,122620,123956,124840,125386,125565,125233,124058,121237,114796,108453,109728,112315,114837,117072,
7538.7,15835.3,24849.2,34472.7,44542.6,54876.3,65318.5,75783.8,86254.7,96748.2,107348,118167,129310,140669,152323,164484,177216,190492,204184,218076,231845,245199,258929,271951,283289,290800,295090,297640,299328,300611,301672,302439,302229,297126,278283,265776,259505,255962,253591,
10904.7,21219.6,30986.8,40326,49369.3,58230.5,67002.8,75764.7,84584.6,93507.4,102590,111887,121442,131194,141194,151557,162306,173483,185132,197298,210035,223449,238135,253898,270608,287580,305028,323300,342247,361181,378983,394637,407916,416840,399630,372559,350853,333202,318235,
6593.87,13013.3,19337.3,25623,31916.5,38254.7,44668.7,51186.6,57833.7,64629.6,71596.3,78756.1,86128.1,93708.6,101518,109586,117901,126485,135361,144557,154107,164062,174592,185677,197338,209522,222394,236207,251238,267841,286529,308106,333817,363038,371832,367781,366748,366748,364972,
4862.17,9722.24,14610.7,19551.6,24566.3,29673.8,34890.9,40233.1,45715.4,51351,57153.2,63135.3,69309.8,75684.2,82271.6,89082.2,96102.1,103344,110826,118570,126603,134957,143702,152855,162461,172588,183348,194886,207416,221252,236880,255119,277310,303289,309872,303191,300247,300678,303613,
4098.83,8240.8,12443.6,16722.8,21092.6,25566.4,30156.4,34874.4,39731.7,44738.9,49906.1,55243.8,60761.9,66471.1,72381.4,78497.7,84804.9,91314.7,98042,105006,112231,119744,127580,135769,144367,153483,163211,173665,185035,197620,211902,228698,249374,273845,278997,270666,265667,263684,263872,
3677.68,7413.17,11219.9,15109.9,19094.8,23185.9,27393.4,31727.3,36197.3,40812.9,45582.9,50516,55621.1,60910.3,66392.7,72070.2,77928.8,83977.7,90232.5,96710.6,103434,110429,117713,125325,133324,141837,150953,160768,171464,183337,196860,212852,232688,256389,261113,251997,245996,242850,241727,
